2.1863778170769E-009
2.2371498533328E-009
2.2895690835561E-009
2.3437044121572E-009
2.399628284678E-009
2.4574169042589E-009
2.5171504634863E-009
2.5789133928665E-009
2.6427946272912E-009
2.7088878919801E-009
2.7772920095289E-009
2.8481112298423E-009
2.9214555849011E-009
2.9974412704997E-009
3.0761910572974E-009
3.1578347337577E-009
3.2425095838018E-009
3.330360902289E-009
3.4215425517483E-009
3.5162175641359E-009
3.6145587917851E-009
3.7167496121467E-009
3.8229846914064E-009
3.9334708126064E-009
4.0484277745051E-009
4.168089368092E-009
4.2927044384357E-009
4.4225380403997E-009
4.5578726977286E-009
4.6990097760897E-009
4.8462709818807E-009
5.0000000004605E-009
5E-009
5E-009
5E-009
5E-009
5E-009
5E-009
5E-009
5E-009
5E-009
5E-009
5E-009
5E-009
5E-009
5E-009
5E-009
5E-009
5E-009
5E-009
5E-009
5E-009
5E-009
5E-009
5E-009
5E-009
5E-009
5E-009
5E-009
5E-009
5E-009
5E-009
5E-009
5E-009
5E-009
5E-009
5E-009
5E-009
5E-009
5E-009
5E-009
5E-009
5E-009
5E-009
5E-009
5E-009
5E-009
5E-009
5E-009
5E-009
5E-009
5E-009
5E-009
5E-009
5E-009
5E-009
5E-009
5E-009
5E-009
5E-009
5E-009
5E-009
5E-009
5E-009
5E-009
5E-009
5E-009
5E-009
5E-009
5E-009
5E-009
5E-009
5E-009
5E-009
5E-009
5E-009
5E-009
5E-009
5E-009
5E-009
5E-009
5E-009
5E-009
5E-009
5E-009
5E-009
5E-009
5E-009
