 0.59600E-01
 0.67062E-01
 0.73618E-01
 0.79341E-01
 0.84348E-01
 0.88786E-01
 0.92770E-01
 0.96455E-01
 0.99893E-01
 0.10310E+00
 0.10622E+00
 0.10919E+00
 0.11202E+00
 0.11477E+00
 0.11746E+00
 0.12006E+00
 0.12259E+00
 0.12504E+00
 0.12738E+00
 0.12964E+00
 0.13183E+00
 0.13398E+00
 0.13614E+00
 0.13810E+00
 0.14008E+00
 0.14209E+00
 0.14407E+00
 0.14597E+00
 0.14790E+00
 0.14997E+00
 0.15186E+00
 0.15271E+00
 0.97661E-01
 0.87213E-01
 0.79425E-01
 0.72183E-01
 0.66425E-01
 0.60742E-01
 0.57135E-01
 0.53404E-01
 0.49865E-01
 0.45878E-01
 0.42688E-01
 0.39915E-01
 0.36937E-01
 0.34557E-01
 0.33169E-01
 0.30886E-01
 0.28973E-01
 0.27518E-01
 0.25806E-01
 0.23829E-01
 0.22769E-01
 0.21931E-01
 0.20611E-01
 0.19657E-01
 0.18610E-01
 0.17860E-01
 0.16942E-01
 0.16171E-01
 0.15475E-01
 0.15166E-01
 0.14688E-01
 0.14045E-01
 0.13472E-01
 0.12974E-01
 0.12462E-01
 0.12019E-01
 0.11725E-01
 0.11348E-01
 0.11203E-01
 0.10979E-01
 0.10914E-01
 0.10926E-01
 0.10699E-01
 0.10549E-01
 0.10476E-01
 0.10401E-01
 0.10406E-01
 0.10331E-01
 0.10256E-01
 0.10260E-01
 0.10183E-01
 0.10186E-01
 0.10188E-01
 0.10191E-01
 0.10194E-01
 0.10197E-01
 0.10122E-01
 0.10125E-01
 0.10126E-01
 0.10128E-01
 0.10050E-01
 0.10051E-01
 0.10051E-01
 0.10052E-01
 0.10053E-01
 0.10054E-01
 0.10055E-01
 0.10057E-01
 0.10060E-01
 0.10064E-01
 0.10068E-01
 0.10072E-01
 0.10000E-01
 0.10000E-01
 0.10000E-01
 0.10000E-01
 0.10000E-01
 0.10000E-01
 0.10000E-01
 0.10000E-01
 0.10000E-01
 0.10000E-01
 0.10000E-01
 0.10000E-01
 0.10000E-01
 0.10000E-01
 0.59600E-01
 0.65197E-01
 0.70395E-01
 0.75021E-01
 0.79180E-01
 0.82927E-01
 0.86369E-01
 0.89648E-01
 0.92733E-01
 0.95668E-01
 0.98563E-01
 0.10133E+00
 0.10404E+00
 0.10668E+00
 0.10930E+00
 0.11188E+00
 0.11447E+00
 0.11707E+00
 0.11961E+00
 0.12217E+00
 0.12477E+00
 0.12737E+00
 0.12990E+00
 0.13221E+00
 0.13449E+00
 0.13681E+00
 0.13898E+00
 0.14126E+00
 0.14360E+00
 0.14576E+00
 0.14773E+00
 0.14900E+00
 0.11668E+00
 0.10549E+00
 0.98036E-01
 0.92559E-01
 0.88313E-01
 0.83330E-01
 0.78125E-01
 0.73796E-01
 0.68766E-01
 0.64561E-01
 0.60461E-01
 0.56483E-01
 0.52548E-01
 0.47960E-01
 0.45205E-01
 0.41068E-01
 0.38073E-01
 0.34499E-01
 0.31571E-01
 0.28739E-01
 0.26631E-01
 0.25048E-01
 0.23209E-01
 0.21332E-01
 0.19907E-01
 0.18857E-01
 0.17861E-01
 0.17252E-01
 0.16152E-01
 0.15689E-01
 0.15211E-01
 0.14414E-01
 0.13762E-01
 0.13337E-01
 0.12676E-01
 0.12321E-01
 0.11955E-01
 0.11744E-01
 0.11361E-01
 0.11062E-01
 0.10993E-01
 0.10926E-01
 0.10696E-01
 0.10626E-01
 0.10474E-01
 0.10400E-01
 0.10404E-01
 0.10409E-01
 0.10255E-01
 0.10258E-01
 0.10183E-01
 0.10185E-01
 0.10188E-01
 0.10191E-01
 0.10194E-01
 0.10197E-01
 0.10121E-01
 0.10124E-01
 0.10126E-01
 0.10128E-01
 0.10050E-01
 0.10051E-01
 0.10052E-01
 0.10053E-01
 0.10054E-01
 0.10055E-01
 0.10057E-01
 0.10059E-01
 0.10061E-01
 0.10064E-01
 0.10067E-01
 0.10070E-01
 0.10076E-01
 0.10000E-01
 0.10000E-01
 0.10000E-01
 0.10000E-01
 0.10000E-01
 0.10000E-01
 0.10000E-01
 0.10000E-01
 0.10000E-01
 0.10000E-01
 0.10000E-01
 0.10000E-01
 0.10000E-01
 0.59600E-01
 0.64332E-01
 0.68757E-01
 0.72743E-01
 0.76414E-01
 0.79803E-01
 0.82982E-01
 0.86000E-01
 0.88825E-01
 0.91544E-01
 0.94315E-01
 0.96936E-01
 0.99573E-01
 0.10230E+00
 0.10513E+00
 0.10801E+00
 0.11109E+00
 0.11431E+00
 0.11724E+00
 0.12005E+00
 0.12277E+00
 0.12541E+00
 0.12788E+00
 0.13013E+00
 0.13228E+00
 0.13440E+00
 0.13635E+00
 0.13836E+00
 0.14042E+00
 0.14233E+00
 0.14401E+00
 0.14502E+00
 0.13414E+00
 0.13053E+00
 0.12608E+00
 0.12155E+00
 0.11692E+00
 0.11348E+00
 0.10864E+00
 0.10271E+00
 0.96462E-01
 0.90939E-01
 0.86167E-01
 0.80880E-01
 0.75884E-01
 0.70926E-01
 0.65120E-01
 0.58066E-01
 0.53896E-01
 0.48820E-01
 0.44154E-01
 0.39979E-01
 0.36444E-01
 0.33176E-01
 0.30435E-01
 0.27468E-01
 0.25649E-01
 0.23327E-01
 0.21444E-01
 0.20176E-01
 0.18712E-01
 0.17651E-01
 0.17122E-01
 0.16339E-01
 0.15136E-01
 0.14417E-01
 0.13601E-01
 0.12851E-01
 0.12252E-01
 0.11886E-01
 0.11667E-01
 0.11370E-01
 0.11147E-01
 0.10925E-01
 0.10782E-01
 0.10630E-01
 0.10479E-01
 0.10405E-01
 0.10408E-01
 0.10413E-01
 0.10259E-01
 0.10267E-01
 0.10192E-01
 0.10187E-01
 0.10196E-01
 0.10200E-01
 0.10204E-01
 0.10197E-01
 0.10121E-01
 0.10124E-01
 0.10126E-01
 0.10128E-01
 0.10050E-01
 0.10051E-01
 0.10052E-01
 0.10053E-01
 0.10054E-01
 0.10055E-01
 0.10057E-01
 0.10059E-01
 0.10061E-01
 0.10064E-01
 0.10067E-01
 0.10070E-01
 0.10076E-01
 0.10000E-01
 0.10000E-01
 0.10000E-01
 0.10000E-01
 0.10000E-01
 0.10000E-01
 0.10000E-01
 0.10000E-01
 0.10000E-01
 0.10000E-01
 0.10000E-01
 0.10000E-01
 0.10000E-01
 0.59600E-01
 0.63897E-01
 0.67992E-01
 0.71664E-01
 0.75125E-01
 0.78389E-01
 0.81438E-01
 0.84382E-01
 0.87058E-01
 0.89662E-01
 0.92331E-01
 0.94875E-01
 0.97439E-01
 0.10008E+00
 0.10284E+00
 0.10564E+00
 0.10860E+00
 0.11169E+00
 0.11448E+00
 0.11717E+00
 0.11975E+00
 0.12225E+00
 0.12456E+00
 0.12671E+00
 0.12873E+00
 0.13068E+00
 0.13249E+00
 0.13438E+00
 0.13628E+00
 0.13800E+00
 0.13960E+00
 0.14065E+00
 0.13743E+00
 0.13718E+00
 0.13609E+00
 0.13495E+00
 0.13337E+00
 0.13111E+00
 0.12771E+00
 0.12486E+00
 0.12125E+00
 0.11688E+00
 0.11159E+00
 0.10707E+00
 0.10017E+00
 0.93100E-01
 0.87614E-01
 0.82273E-01
 0.77860E-01
 0.71925E-01
 0.65538E-01
 0.58701E-01
 0.53529E-01
 0.48182E-01
 0.43956E-01
 0.39979E-01
 0.35536E-01
 0.31977E-01
 0.29327E-01
 0.26723E-01
 0.24644E-01
 0.22226E-01
 0.20875E-01
 0.19265E-01
 0.18182E-01
 0.16926E-01
 0.15909E-01
 0.15264E-01
 0.14300E-01
 0.13084E-01
 0.12647E-01
 0.11962E-01
 0.11591E-01
 0.11458E-01
 0.11081E-01
 0.10858E-01
 0.10791E-01
 0.10641E-01
 0.10482E-01
 0.10488E-01
 0.10343E-01
 0.10267E-01
 0.10193E-01
 0.10196E-01
 0.10197E-01
 0.10201E-01
 0.10204E-01
 0.10197E-01
 0.10121E-01
 0.10124E-01
 0.10126E-01
 0.10128E-01
 0.10050E-01
 0.10051E-01
 0.10052E-01
 0.10053E-01
 0.10054E-01
 0.10055E-01
 0.10057E-01
 0.10059E-01
 0.10061E-01
 0.10064E-01
 0.10067E-01
 0.10070E-01
 0.10076E-01
 0.10000E-01
 0.10000E-01
 0.10000E-01
 0.10000E-01
 0.10000E-01
 0.10000E-01
 0.10000E-01
 0.10000E-01
 0.10000E-01
 0.10000E-01
 0.10000E-01
 0.10000E-01
 0.10000E-01
 0.59600E-01
 0.63692E-01
 0.67564E-01
 0.71064E-01
 0.74390E-01
 0.77561E-01
 0.80487E-01
 0.83330E-01
 0.85880E-01
 0.88346E-01
 0.90846E-01
 0.93123E-01
 0.95482E-01
 0.97909E-01
 0.10046E+00
 0.10310E+00
 0.10590E+00
 0.10883E+00
 0.11147E+00
 0.11400E+00
 0.11644E+00
 0.11879E+00
 0.12095E+00
 0.12296E+00
 0.12487E+00
 0.12669E+00
 0.12837E+00
 0.13011E+00
 0.13188E+00
 0.13347E+00
 0.13488E+00
 0.13597E+00
 0.13622E+00
 0.13734E+00
 0.13765E+00
 0.13856E+00
 0.13915E+00
 0.13933E+00
 0.13832E+00
 0.13741E+00
 0.13670E+00
 0.13496E+00
 0.13244E+00
 0.12780E+00
 0.12339E+00
 0.11883E+00
 0.11310E+00
 0.10836E+00
 0.10281E+00
 0.95895E-01
 0.90110E-01
 0.84622E-01
 0.76616E-01
 0.68345E-01
 0.61249E-01
 0.54676E-01
 0.49933E-01
 0.45271E-01
 0.41029E-01
 0.35861E-01
 0.32612E-01
 0.29733E-01
 0.27599E-01
 0.24478E-01
 0.22428E-01
 0.20593E-01
 0.19534E-01
 0.17906E-01
 0.16814E-01
 0.15549E-01
 0.14667E-01
 0.13615E-01
 0.12866E-01
 0.12274E-01
 0.11592E-01
 0.11298E-01
 0.11236E-01
 0.11013E-01
 0.10944E-01
 0.10796E-01
 0.10806E-01
 0.10499E-01
 0.10348E-01
 0.10353E-01
 0.10199E-01
 0.10203E-01
 0.10206E-01
 0.10197E-01
 0.10121E-01
 0.10124E-01
 0.10126E-01
 0.10128E-01
 0.10050E-01
 0.10051E-01
 0.10052E-01
 0.10053E-01
 0.10054E-01
 0.10055E-01
 0.10057E-01
 0.10059E-01
 0.10061E-01
 0.10064E-01
 0.10067E-01
 0.10070E-01
 0.10076E-01
 0.10000E-01
 0.10000E-01
 0.10000E-01
 0.10000E-01
 0.10000E-01
 0.10000E-01
 0.10000E-01
 0.10000E-01
 0.10000E-01
 0.10000E-01
 0.10000E-01
 0.10000E-01
 0.10000E-01
 0.59600E-01
 0.63438E-01
 0.67070E-01
 0.70408E-01
 0.73597E-01
 0.76657E-01
 0.79488E-01
 0.82260E-01
 0.84722E-01
 0.87061E-01
 0.89454E-01
 0.91625E-01
 0.93815E-01
 0.96112E-01
 0.98541E-01
 0.10105E+00
 0.10372E+00
 0.10652E+00
 0.10904E+00
 0.11145E+00
 0.11376E+00
 0.11599E+00
 0.11802E+00
 0.11995E+00
 0.12176E+00
 0.12347E+00
 0.12504E+00
 0.12669E+00
 0.12835E+00
 0.12985E+00
 0.13118E+00
 0.13235E+00
 0.13325E+00
 0.13432E+00
 0.13535E+00
 0.13662E+00
 0.13765E+00
 0.13844E+00
 0.13899E+00
 0.13989E+00
 0.14031E+00
 0.13969E+00
 0.13958E+00
 0.13832E+00
 0.13654E+00
 0.13533E+00
 0.13132E+00
 0.12743E+00
 0.12385E+00
 0.11971E+00
 0.11403E+00
 0.10810E+00
 0.10133E+00
 0.93073E-01
 0.85520E-01
 0.77233E-01
 0.68365E-01
 0.62152E-01
 0.55314E-01
 0.49828E-01
 0.44671E-01
 0.40575E-01
 0.36176E-01
 0.32429E-01
 0.29822E-01
 0.27274E-01
 0.24703E-01
 0.22021E-01
 0.20268E-01
 0.18967E-01
 0.17493E-01
 0.15606E-01
 0.14809E-01
 0.13688E-01
 0.13026E-01
 0.12433E-01
 0.11753E-01
 0.11298E-01
 0.11234E-01
 0.11010E-01
 0.10865E-01
 0.10877E-01
 0.10651E-01
 0.10503E-01
 0.10351E-01
 0.10357E-01
 0.10204E-01
 0.10204E-01
 0.10121E-01
 0.10124E-01
 0.10126E-01
 0.10128E-01
 0.10050E-01
 0.10051E-01
 0.10054E-01
 0.10056E-01
 0.10054E-01
 0.10055E-01
 0.10057E-01
 0.10059E-01
 0.10061E-01
 0.10064E-01
 0.10067E-01
 0.10070E-01
 0.10076E-01
 0.10000E-01
 0.10000E-01
 0.10000E-01
 0.10000E-01
 0.10000E-01
 0.10000E-01
 0.10000E-01
 0.10000E-01
 0.10000E-01
 0.10000E-01
 0.10000E-01
 0.10000E-01
 0.10000E-01
 0.59600E-01
 0.63290E-01
 0.66728E-01
 0.69904E-01
 0.72939E-01
 0.75871E-01
 0.78541E-01
 0.81208E-01
 0.83606E-01
 0.85857E-01
 0.88190E-01
 0.90267E-01
 0.92357E-01
 0.94545E-01
 0.96881E-01
 0.99307E-01
 0.10189E+00
 0.10459E+00
 0.10701E+00
 0.10931E+00
 0.11153E+00
 0.11366E+00
 0.11561E+00
 0.11744E+00
 0.11915E+00
 0.12077E+00
 0.12227E+00
 0.12382E+00
 0.12540E+00
 0.12681E+00
 0.12807E+00
 0.12924E+00
 0.13009E+00
 0.13126E+00
 0.13239E+00
 0.13368E+00
 0.13494E+00
 0.13629E+00
 0.13724E+00
 0.13847E+00
 0.13947E+00
 0.14054E+00
 0.14119E+00
 0.14166E+00
 0.14162E+00
 0.14138E+00
 0.14056E+00
 0.14012E+00
 0.13928E+00
 0.13727E+00
 0.13461E+00
 0.13040E+00
 0.12514E+00
 0.11906E+00
 0.11222E+00
 0.10450E+00
 0.95968E-01
 0.87095E-01
 0.78452E-01
 0.70583E-01
 0.61598E-01
 0.54358E-01
 0.49316E-01
 0.44990E-01
 0.40680E-01
 0.36094E-01
 0.32581E-01
 0.30303E-01
 0.26829E-01
 0.23544E-01
 0.20699E-01
 0.19408E-01
 0.17866E-01
 0.16149E-01
 0.15046E-01
 0.14082E-01
 0.13264E-01
 0.12590E-01
 0.12064E-01
 0.11692E-01
 0.11235E-01
 0.11251E-01
 0.11031E-01
 0.10728E-01
 0.10660E-01
 0.10432E-01
 0.10359E-01
 0.10205E-01
 0.10126E-01
 0.10127E-01
 0.10126E-01
 0.10128E-01
 0.10050E-01
 0.10055E-01
 0.10054E-01
 0.10056E-01
 0.10054E-01
 0.10061E-01
 0.10063E-01
 0.10059E-01
 0.10061E-01
 0.10064E-01
 0.10067E-01
 0.10070E-01
 0.10076E-01
 0.10000E-01
 0.10000E-01
 0.10000E-01
 0.10000E-01
 0.10000E-01
 0.10000E-01
 0.10000E-01
 0.10000E-01
 0.10000E-01
 0.10000E-01
 0.10000E-01
 0.10000E-01
 0.10000E-01
 0.59600E-01
 0.63131E-01
 0.66349E-01
 0.69325E-01
 0.72182E-01
 0.75012E-01
 0.77559E-01
 0.80092E-01
 0.82460E-01
 0.84622E-01
 0.86911E-01
 0.88959E-01
 0.90997E-01
 0.93153E-01
 0.95443E-01
 0.97837E-01
 0.10035E+00
 0.10298E+00
 0.10531E+00
 0.10754E+00
 0.10967E+00
 0.11172E+00
 0.11358E+00
 0.11533E+00
 0.11695E+00
 0.11851E+00
 0.11993E+00
 0.12140E+00
 0.12290E+00
 0.12424E+00
 0.12544E+00
 0.12656E+00
 0.12751E+00
 0.12863E+00
 0.12980E+00
 0.13111E+00
 0.13222E+00
 0.13341E+00
 0.13467E+00
 0.13583E+00
 0.13692E+00
 0.13818E+00
 0.13934E+00
 0.14040E+00
 0.14119E+00
 0.14186E+00
 0.14205E+00
 0.14254E+00
 0.14255E+00
 0.14282E+00
 0.14245E+00
 0.14174E+00
 0.13971E+00
 0.13651E+00
 0.13249E+00
 0.12628E+00
 0.11967E+00
 0.11322E+00
 0.10583E+00
 0.96717E-01
 0.87111E-01
 0.78063E-01
 0.70008E-01
 0.61520E-01
 0.55460E-01
 0.50615E-01
 0.45417E-01
 0.40417E-01
 0.34920E-01
 0.31812E-01
 0.28429E-01
 0.24380E-01
 0.21790E-01
 0.19734E-01
 0.17649E-01
 0.16008E-01
 0.14903E-01
 0.13932E-01
 0.13506E-01
 0.12516E-01
 0.12306E-01
 0.11696E-01
 0.11480E-01
 0.11342E-01
 0.11122E-01
 0.10741E-01
 0.10513E-01
 0.10282E-01
 0.10125E-01
 0.10131E-01
 0.10126E-01
 0.10128E-01
 0.10054E-01
 0.10055E-01
 0.10057E-01
 0.10058E-01
 0.10054E-01
 0.10061E-01
 0.10063E-01
 0.10059E-01
 0.10061E-01
 0.10064E-01
 0.10067E-01
 0.10070E-01
 0.10076E-01
 0.10000E-01
 0.10000E-01
 0.10000E-01
 0.10000E-01
 0.10000E-01
 0.10000E-01
 0.10000E-01
 0.10000E-01
 0.10000E-01
 0.10000E-01
 0.10000E-01
 0.10000E-01
 0.10000E-01
 0.59600E-01
 0.63001E-01
 0.66071E-01
 0.68945E-01
 0.71738E-01
 0.74562E-01
 0.77022E-01
 0.79441E-01
 0.81655E-01
 0.83656E-01
 0.85804E-01
 0.87741E-01
 0.89707E-01
 0.91815E-01
 0.94047E-01
 0.96387E-01
 0.98826E-01
 0.10137E+00
 0.10363E+00
 0.10577E+00
 0.10783E+00
 0.10979E+00
 0.11158E+00
 0.11326E+00
 0.11481E+00
 0.11629E+00
 0.11765E+00
 0.11907E+00
 0.12050E+00
 0.12178E+00
 0.12291E+00
 0.12399E+00
 0.12490E+00
 0.12599E+00
 0.12713E+00
 0.12840E+00
 0.12953E+00
 0.13065E+00
 0.13186E+00
 0.13297E+00
 0.13410E+00
 0.13524E+00
 0.13629E+00
 0.13755E+00
 0.13879E+00
 0.13991E+00
 0.14055E+00
 0.14134E+00
 0.14229E+00
 0.14309E+00
 0.14373E+00
 0.14356E+00
 0.14348E+00
 0.14322E+00
 0.14184E+00
 0.13965E+00
 0.13543E+00
 0.13250E+00
 0.12615E+00
 0.11950E+00
 0.11177E+00
 0.10311E+00
 0.94497E-01
 0.85205E-01
 0.77301E-01
 0.68692E-01
 0.60494E-01
 0.54691E-01
 0.47776E-01
 0.41570E-01
 0.36720E-01
 0.32127E-01
 0.28686E-01
 0.24740E-01
 0.21694E-01
 0.19313E-01
 0.17300E-01
 0.15650E-01
 0.14691E-01
 0.13881E-01
 0.12817E-01
 0.12218E-01
 0.11929E-01
 0.11716E-01
 0.11343E-01
 0.10888E-01
 0.10743E-01
 0.10435E-01
 0.10206E-01
 0.10131E-01
 0.10126E-01
 0.10128E-01
 0.10055E-01
 0.10056E-01
 0.10057E-01
 0.10058E-01
 0.10054E-01
 0.10061E-01
 0.10063E-01
 0.10059E-01
 0.10061E-01
 0.10064E-01
 0.10067E-01
 0.10070E-01
 0.10076E-01
 0.10000E-01
 0.10000E-01
 0.10000E-01
 0.10000E-01
 0.10000E-01
 0.10000E-01
 0.10000E-01
 0.10000E-01
 0.10000E-01
 0.10000E-01
 0.10000E-01
 0.10000E-01
 0.10000E-01
 0.59600E-01
 0.62854E-01
 0.65766E-01
 0.68534E-01
 0.71245E-01
 0.74012E-01
 0.76381E-01
 0.78696E-01
 0.80822E-01
 0.82728E-01
 0.84796E-01
 0.86692E-01
 0.88643E-01
 0.90718E-01
 0.92896E-01
 0.95190E-01
 0.97574E-01
 0.10006E+00
 0.10226E+00
 0.10435E+00
 0.10635E+00
 0.10825E+00
 0.10998E+00
 0.11160E+00
 0.11309E+00
 0.11452E+00
 0.11583E+00
 0.11719E+00
 0.11857E+00
 0.11980E+00
 0.12089E+00
 0.12191E+00
 0.12287E+00
 0.12393E+00
 0.12501E+00
 0.12621E+00
 0.12735E+00
 0.12832E+00
 0.12947E+00
 0.13053E+00
 0.13170E+00
 0.13287E+00
 0.13387E+00
 0.13510E+00
 0.13637E+00
 0.13752E+00
 0.13828E+00
 0.13944E+00
 0.14051E+00
 0.14152E+00
 0.14212E+00
 0.14286E+00
 0.14356E+00
 0.14406E+00
 0.14440E+00
 0.14339E+00
 0.14298E+00
 0.14080E+00
 0.13845E+00
 0.13467E+00
 0.13062E+00
 0.12497E+00
 0.11717E+00
 0.10988E+00
 0.10163E+00
 0.93149E-01
 0.84372E-01
 0.75315E-01
 0.63241E-01
 0.56018E-01
 0.48804E-01
 0.41984E-01
 0.37712E-01
 0.31978E-01
 0.28320E-01
 0.24052E-01
 0.20516E-01
 0.17729E-01
 0.16168E-01
 0.14988E-01
 0.13872E-01
 0.12813E-01
 0.12216E-01
 0.12086E-01
 0.11637E-01
 0.11425E-01
 0.10812E-01
 0.10509E-01
 0.10439E-01
 0.10130E-01
 0.10126E-01
 0.10128E-01
 0.10055E-01
 0.10057E-01
 0.10057E-01
 0.10058E-01
 0.10054E-01
 0.10065E-01
 0.10068E-01
 0.10059E-01
 0.10073E-01
 0.10064E-01
 0.10067E-01
 0.10070E-01
 0.10076E-01
 0.10000E-01
 0.10000E-01
 0.10000E-01
 0.10000E-01
 0.10000E-01
 0.10000E-01
 0.10000E-01
 0.10000E-01
 0.10000E-01
 0.10000E-01
 0.10000E-01
 0.10000E-01
 0.10000E-01
 0.59600E-01
 0.62733E-01
 0.65520E-01
 0.68194E-01
 0.70832E-01
 0.73552E-01
 0.75911E-01
 0.78181E-01
 0.80256E-01
 0.82064E-01
 0.84045E-01
 0.85868E-01
 0.87756E-01
 0.89763E-01
 0.91868E-01
 0.94083E-01
 0.96398E-01
 0.98819E-01
 0.10096E+00
 0.10298E+00
 0.10491E+00
 0.10676E+00
 0.10843E+00
 0.10999E+00
 0.11144E+00
 0.11282E+00
 0.11408E+00
 0.11539E+00
 0.11672E+00
 0.11791E+00
 0.11896E+00
 0.11995E+00
 0.12095E+00
 0.12190E+00
 0.12294E+00
 0.12409E+00
 0.12512E+00
 0.12620E+00
 0.12724E+00
 0.12828E+00
 0.12943E+00
 0.13058E+00
 0.13173E+00
 0.13284E+00
 0.13417E+00
 0.13521E+00
 0.13617E+00
 0.13731E+00
 0.13820E+00
 0.13949E+00
 0.14059E+00
 0.14153E+00
 0.14234E+00
 0.14304E+00
 0.14359E+00
 0.14412E+00
 0.14465E+00
 0.14395E+00
 0.14335E+00
 0.14181E+00
 0.13970E+00
 0.13696E+00
 0.13282E+00
 0.12858E+00
 0.12355E+00
 0.11500E+00
 0.10813E+00
 0.98337E-01
 0.87630E-01
 0.76399E-01
 0.64650E-01
 0.56114E-01
 0.48380E-01
 0.40732E-01
 0.35613E-01
 0.30268E-01
 0.25570E-01
 0.21902E-01
 0.17864E-01
 0.16323E-01
 0.14681E-01
 0.13328E-01
 0.12742E-01
 0.12219E-01
 0.11932E-01
 0.11567E-01
 0.11197E-01
 0.10662E-01
 0.10516E-01
 0.10367E-01
 0.10128E-01
 0.10128E-01
 0.10055E-01
 0.10057E-01
 0.10057E-01
 0.10060E-01
 0.10063E-01
 0.10065E-01
 0.10068E-01
 0.10059E-01
 0.10074E-01
 0.10064E-01
 0.10067E-01
 0.10070E-01
 0.10076E-01
 0.10000E-01
 0.10000E-01
 0.10000E-01
 0.10000E-01
 0.10000E-01
 0.10000E-01
 0.10000E-01
 0.10000E-01
 0.10000E-01
 0.10000E-01
 0.10000E-01
 0.10000E-01
 0.10000E-01
 0.59600E-01
 0.62662E-01
 0.65333E-01
 0.67912E-01
 0.70472E-01
 0.73078E-01
 0.75380E-01
 0.77605E-01
 0.79586E-01
 0.81341E-01
 0.83280E-01
 0.85069E-01
 0.86918E-01
 0.88884E-01
 0.90936E-01
 0.93082E-01
 0.95326E-01
 0.97679E-01
 0.99753E-01
 0.10172E+00
 0.10359E+00
 0.10538E+00
 0.10699E+00
 0.10850E+00
 0.10990E+00
 0.11123E+00
 0.11244E+00
 0.11371E+00
 0.11499E+00
 0.11614E+00
 0.11716E+00
 0.11811E+00
 0.11909E+00
 0.12008E+00
 0.12102E+00
 0.12214E+00
 0.12314E+00
 0.12419E+00
 0.12520E+00
 0.12630E+00
 0.12742E+00
 0.12855E+00
 0.12975E+00
 0.13092E+00
 0.13207E+00
 0.13326E+00
 0.13421E+00
 0.13525E+00
 0.13643E+00
 0.13729E+00
 0.13829E+00
 0.13944E+00
 0.14046E+00
 0.14144E+00
 0.14227E+00
 0.14301E+00
 0.14351E+00
 0.14421E+00
 0.14470E+00
 0.14441E+00
 0.14373E+00
 0.14172E+00
 0.13990E+00
 0.13713E+00
 0.13453E+00
 0.13056E+00
 0.12604E+00
 0.11853E+00
 0.10851E+00
 0.97576E-01
 0.87251E-01
 0.75166E-01
 0.63069E-01
 0.51899E-01
 0.44720E-01
 0.37681E-01
 0.31739E-01
 0.26341E-01
 0.21661E-01
 0.18194E-01
 0.15794E-01
 0.14464E-01
 0.12947E-01
 0.12510E-01
 0.11990E-01
 0.11708E-01
 0.11421E-01
 0.10970E-01
 0.10512E-01
 0.10365E-01
 0.10214E-01
 0.10128E-01
 0.10055E-01
 0.10057E-01
 0.10057E-01
 0.10060E-01
 0.10063E-01
 0.10065E-01
 0.10068E-01
 0.10059E-01
 0.10074E-01
 0.10064E-01
 0.10067E-01
 0.10070E-01
 0.10076E-01
 0.10000E-01
 0.10000E-01
 0.10000E-01
 0.10000E-01
 0.10000E-01
 0.10000E-01
 0.10000E-01
 0.10000E-01
 0.10000E-01
 0.10000E-01
 0.10000E-01
 0.10000E-01
 0.10000E-01
 0.59600E-01
 0.62564E-01
 0.65145E-01
 0.67642E-01
 0.70122E-01
 0.72662E-01
 0.74918E-01
 0.77066E-01
 0.78985E-01
 0.80698E-01
 0.82606E-01
 0.84357E-01
 0.86165E-01
 0.88082E-01
 0.90083E-01
 0.92174E-01
 0.94360E-01
 0.96650E-01
 0.98669E-01
 0.10058E+00
 0.10240E+00
 0.10414E+00
 0.10571E+00
 0.10717E+00
 0.10852E+00
 0.10980E+00
 0.11098E+00
 0.11220E+00
 0.11344E+00
 0.11455E+00
 0.11553E+00
 0.11645E+00
 0.11739E+00
 0.11836E+00
 0.11943E+00
 0.12036E+00
 0.12134E+00
 0.12237E+00
 0.12335E+00
 0.12442E+00
 0.12560E+00
 0.12671E+00
 0.12782E+00
 0.12898E+00
 0.13026E+00
 0.13135E+00
 0.13228E+00
 0.13338E+00
 0.13446E+00
 0.13546E+00
 0.13659E+00
 0.13761E+00
 0.13868E+00
 0.13963E+00
 0.14050E+00
 0.14129E+00
 0.14238E+00
 0.14321E+00
 0.14391E+00
 0.14415E+00
 0.14456E+00
 0.14459E+00
 0.14396E+00
 0.14249E+00
 0.14110E+00
 0.13836E+00
 0.13531E+00
 0.13246E+00
 0.12669E+00
 0.11751E+00
 0.10771E+00
 0.96803E-01
 0.83856E-01
 0.69943E-01
 0.58237E-01
 0.48506E-01
 0.40098E-01
 0.32457E-01
 0.26281E-01
 0.21693E-01
 0.17448E-01
 0.15200E-01
 0.13782E-01
 0.12799E-01
 0.12126E-01
 0.11848E-01
 0.11487E-01
 0.11197E-01
 0.10586E-01
 0.10441E-01
 0.10291E-01
 0.10128E-01
 0.10059E-01
 0.10057E-01
 0.10057E-01
 0.10062E-01
 0.10063E-01
 0.10065E-01
 0.10068E-01
 0.10059E-01
 0.10074E-01
 0.10064E-01
 0.10067E-01
 0.10070E-01
 0.10076E-01
 0.10000E-01
 0.10000E-01
 0.10000E-01
 0.10000E-01
 0.10000E-01
 0.10000E-01
 0.10000E-01
 0.10000E-01
 0.10000E-01
 0.10000E-01
 0.10000E-01
 0.10000E-01
 0.10000E-01
 0.59600E-01
 0.62470E-01
 0.64943E-01
 0.67344E-01
 0.69740E-01
 0.72217E-01
 0.74423E-01
 0.76531E-01
 0.78400E-01
 0.80075E-01
 0.81950E-01
 0.83670E-01
 0.85446E-01
 0.87323E-01
 0.89281E-01
 0.91323E-01
 0.93458E-01
 0.95694E-01
 0.97664E-01
 0.99529E-01
 0.10130E+00
 0.10299E+00
 0.10452E+00
 0.10594E+00
 0.10725E+00
 0.10849E+00
 0.10963E+00
 0.11082E+00
 0.11202E+00
 0.11309E+00
 0.11404E+00
 0.11493E+00
 0.11584E+00
 0.11678E+00
 0.11782E+00
 0.11873E+00
 0.11969E+00
 0.12069E+00
 0.12165E+00
 0.12270E+00
 0.12394E+00
 0.12503E+00
 0.12604E+00
 0.12726E+00
 0.12844E+00
 0.12959E+00
 0.13058E+00
 0.13167E+00
 0.13258E+00
 0.13365E+00
 0.13469E+00
 0.13577E+00
 0.13681E+00
 0.13788E+00
 0.13880E+00
 0.13979E+00
 0.14085E+00
 0.14165E+00
 0.14264E+00
 0.14325E+00
 0.14394E+00
 0.14458E+00
 0.14480E+00
 0.14474E+00
 0.14391E+00
 0.14292E+00
 0.14084E+00
 0.13811E+00
 0.13453E+00
 0.13105E+00
 0.12463E+00
 0.11636E+00
 0.10430E+00
 0.88760E-01
 0.73529E-01
 0.60689E-01
 0.50776E-01
 0.41307E-01
 0.33678E-01
 0.25777E-01
 0.20884E-01
 0.16947E-01
 0.14606E-01
 0.13241E-01
 0.12340E-01
 0.11830E-01
 0.11631E-01
 0.11266E-01
 0.10976E-01
 0.10517E-01
 0.10290E-01
 0.10216E-01
 0.10060E-01
 0.10061E-01
 0.10057E-01
 0.10062E-01
 0.10063E-01
 0.10065E-01
 0.10070E-01
 0.10059E-01
 0.10074E-01
 0.10064E-01
 0.10067E-01
 0.10070E-01
 0.10076E-01
 0.10000E-01
 0.10000E-01
 0.10000E-01
 0.10000E-01
 0.10000E-01
 0.10000E-01
 0.10000E-01
 0.10000E-01
 0.10000E-01
 0.10000E-01
 0.10000E-01
 0.10000E-01
 0.10000E-01
 0.59600E-01
 0.62396E-01
 0.64791E-01
 0.67112E-01
 0.69438E-01
 0.71851E-01
 0.74018E-01
 0.76070E-01
 0.77886E-01
 0.79518E-01
 0.81350E-01
 0.83034E-01
 0.84780E-01
 0.86617E-01
 0.88538E-01
 0.90537E-01
 0.92623E-01
 0.94810E-01
 0.96734E-01
 0.98557E-01
 0.10029E+00
 0.10194E+00
 0.10342E+00
 0.10481E+00
 0.10608E+00
 0.10730E+00
 0.10840E+00
 0.10955E+00
 0.11072E+00
 0.11175E+00
 0.11267E+00
 0.11353E+00
 0.11442E+00
 0.11533E+00
 0.11634E+00
 0.11730E+00
 0.11823E+00
 0.11921E+00
 0.12015E+00
 0.12126E+00
 0.12232E+00
 0.12339E+00
 0.12454E+00
 0.12557E+00
 0.12674E+00
 0.12787E+00
 0.12893E+00
 0.12993E+00
 0.13091E+00
 0.13204E+00
 0.13305E+00
 0.13411E+00
 0.13496E+00
 0.13615E+00
 0.13728E+00
 0.13816E+00
 0.13919E+00
 0.14020E+00
 0.14099E+00
 0.14189E+00
 0.14279E+00
 0.14364E+00
 0.14423E+00
 0.14478E+00
 0.14488E+00
 0.14483E+00
 0.14410E+00
 0.14313E+00
 0.14077E+00
 0.13758E+00
 0.13392E+00
 0.12979E+00
 0.12169E+00
 0.11084E+00
 0.93381E-01
 0.77492E-01
 0.62197E-01
 0.50762E-01
 0.40511E-01
 0.31157E-01
 0.23660E-01
 0.18995E-01
 0.15735E-01
 0.13677E-01
 0.12863E-01
 0.12124E-01
 0.11852E-01
 0.11413E-01
 0.11128E-01
 0.10672E-01
 0.10289E-01
 0.10216E-01
 0.10060E-01
 0.10061E-01
 0.10057E-01
 0.10063E-01
 0.10063E-01
 0.10065E-01
 0.10071E-01
 0.10074E-01
 0.10077E-01
 0.10064E-01
 0.10067E-01
 0.10070E-01
 0.10076E-01
 0.10000E-01
 0.10000E-01
 0.10000E-01
 0.10000E-01
 0.10000E-01
 0.10000E-01
 0.10000E-01
 0.10000E-01
 0.10000E-01
 0.10000E-01
 0.10000E-01
 0.10000E-01
 0.10000E-01
 0.59600E-01
 0.62324E-01
 0.64642E-01
 0.66885E-01
 0.69144E-01
 0.71494E-01
 0.73610E-01
 0.75613E-01
 0.77389E-01
 0.78989E-01
 0.80791E-01
 0.82443E-01
 0.84159E-01
 0.85960E-01
 0.87842E-01
 0.89798E-01
 0.91840E-01
 0.93982E-01
 0.95864E-01
 0.97645E-01
 0.99337E-01
 0.10095E+00
 0.10240E+00
 0.10375E+00
 0.10499E+00
 0.10617E+00
 0.10724E+00
 0.10837E+00
 0.10950E+00
 0.11050E+00
 0.11140E+00
 0.11223E+00
 0.11309E+00
 0.11398E+00
 0.11497E+00
 0.11599E+00
 0.11682E+00
 0.11778E+00
 0.11870E+00
 0.11980E+00
 0.12084E+00
 0.12188E+00
 0.12301E+00
 0.12410E+00
 0.12517E+00
 0.12628E+00
 0.12732E+00
 0.12838E+00
 0.12942E+00
 0.13046E+00
 0.13145E+00
 0.13249E+00
 0.13355E+00
 0.13456E+00
 0.13550E+00
 0.13667E+00
 0.13751E+00
 0.13856E+00
 0.13964E+00
 0.14035E+00
 0.14137E+00
 0.14227E+00
 0.14307E+00
 0.14367E+00
 0.14445E+00
 0.14478E+00
 0.14522E+00
 0.14480E+00
 0.14395E+00
 0.14285E+00
 0.13995E+00
 0.13644E+00
 0.13248E+00
 0.12458E+00
 0.11040E+00
 0.93537E-01
 0.77075E-01
 0.61203E-01
 0.48676E-01
 0.37250E-01
 0.27348E-01
 0.21175E-01
 0.17012E-01
 0.14345E-01
 0.13225E-01
 0.12415E-01
 0.11837E-01
 0.11560E-01
 0.11199E-01
 0.10670E-01
 0.10446E-01
 0.10216E-01
 0.10061E-01
 0.10062E-01
 0.10063E-01
 0.10064E-01
 0.10066E-01
 0.10068E-01
 0.10071E-01
 0.10074E-01
 0.10076E-01
 0.10080E-01
 0.10083E-01
 0.10070E-01
 0.10076E-01
 0.10000E-01
 0.10000E-01
 0.10000E-01
 0.10000E-01
 0.10000E-01
 0.10000E-01
 0.10000E-01
 0.10000E-01
 0.10000E-01
 0.10000E-01
 0.10000E-01
 0.10000E-01
 0.10000E-01
 0.59600E-01
 0.62268E-01
 0.64509E-01
 0.66675E-01
 0.68868E-01
 0.71158E-01
 0.73226E-01
 0.75187E-01
 0.76919E-01
 0.78481E-01
 0.80255E-01
 0.81875E-01
 0.83567E-01
 0.85340E-01
 0.87194E-01
 0.89114E-01
 0.91119E-01
 0.93222E-01
 0.95068E-01
 0.96809E-01
 0.98464E-01
 0.10004E+00
 0.10146E+00
 0.10278E+00
 0.10399E+00
 0.10514E+00
 0.10618E+00
 0.10727E+00
 0.10837E+00
 0.10935E+00
 0.11022E+00
 0.11103E+00
 0.11186E+00
 0.11273E+00
 0.11369E+00
 0.11469E+00
 0.11550E+00
 0.11644E+00
 0.11734E+00
 0.11841E+00
 0.11943E+00
 0.12054E+00
 0.12157E+00
 0.12264E+00
 0.12368E+00
 0.12478E+00
 0.12580E+00
 0.12685E+00
 0.12788E+00
 0.12890E+00
 0.12988E+00
 0.13090E+00
 0.13193E+00
 0.13307E+00
 0.13397E+00
 0.13502E+00
 0.13606E+00
 0.13700E+00
 0.13789E+00
 0.13888E+00
 0.13987E+00
 0.14074E+00
 0.14166E+00
 0.14231E+00
 0.14330E+00
 0.14400E+00
 0.14458E+00
 0.14493E+00
 0.14510E+00
 0.14527E+00
 0.14382E+00
 0.14171E+00
 0.13871E+00
 0.13339E+00
 0.12395E+00
 0.10807E+00
 0.91239E-01
 0.74433E-01
 0.57615E-01
 0.44700E-01
 0.32645E-01
 0.24280E-01
 0.18744E-01
 0.15083E-01
 0.13739E-01
 0.12548E-01
 0.12060E-01
 0.11553E-01
 0.11275E-01
 0.10827E-01
 0.10526E-01
 0.10297E-01
 0.10065E-01
 0.10066E-01
 0.10066E-01
 0.10067E-01
 0.10069E-01
 0.10071E-01
 0.10073E-01
 0.10075E-01
 0.10077E-01
 0.10081E-01
 0.10084E-01
 0.10070E-01
 0.10076E-01
 0.10000E-01
 0.10000E-01
 0.10000E-01
 0.10000E-01
 0.10000E-01
 0.10000E-01
 0.10000E-01
 0.10000E-01
 0.10000E-01
 0.10000E-01
 0.10000E-01
 0.10000E-01
 0.10000E-01
 0.59600E-01
 0.62209E-01
 0.64387E-01
 0.66495E-01
 0.68639E-01
 0.70863E-01
 0.72882E-01
 0.74797E-01
 0.76482E-01
 0.78010E-01
 0.79752E-01
 0.81345E-01
 0.83008E-01
 0.84752E-01
 0.86577E-01
 0.88461E-01
 0.90430E-01
 0.92494E-01
 0.94304E-01
 0.96011E-01
 0.97632E-01
 0.99173E-01
 0.10056E+00
 0.10185E+00
 0.10303E+00
 0.10415E+00
 0.10517E+00
 0.10624E+00
 0.10731E+00
 0.10826E+00
 0.10910E+00
 0.10989E+00
 0.11070E+00
 0.11154E+00
 0.11249E+00
 0.11346E+00
 0.11426E+00
 0.11519E+00
 0.11607E+00
 0.11713E+00
 0.11820E+00
 0.11921E+00
 0.12022E+00
 0.12127E+00
 0.12237E+00
 0.12338E+00
 0.12439E+00
 0.12542E+00
 0.12643E+00
 0.12743E+00
 0.12840E+00
 0.12939E+00
 0.13048E+00
 0.13151E+00
 0.13254E+00
 0.13356E+00
 0.13449E+00
 0.13549E+00
 0.13643E+00
 0.13738E+00
 0.13843E+00
 0.13934E+00
 0.14024E+00
 0.14102E+00
 0.14184E+00
 0.14259E+00
 0.14330E+00
 0.14418E+00
 0.14488E+00
 0.14543E+00
 0.14580E+00
 0.14522E+00
 0.14291E+00
 0.13919E+00
 0.13282E+00
 0.12018E+00
 0.10298E+00
 0.86022E-01
 0.68673E-01
 0.52874E-01
 0.38697E-01
 0.27051E-01
 0.20393E-01
 0.16134E-01
 0.14252E-01
 0.12760E-01
 0.12439E-01
 0.11780E-01
 0.11347E-01
 0.10824E-01
 0.10523E-01
 0.10375E-01
 0.10064E-01
 0.10066E-01
 0.10066E-01
 0.10067E-01
 0.10069E-01
 0.10071E-01
 0.10073E-01
 0.10075E-01
 0.10077E-01
 0.10081E-01
 0.10084E-01
 0.10070E-01
 0.10076E-01
 0.10000E-01
 0.10000E-01
 0.10000E-01
 0.10000E-01
 0.10000E-01
 0.10000E-01
 0.10000E-01
 0.10000E-01
 0.10000E-01
 0.10000E-01
 0.10000E-01
 0.10000E-01
 0.10000E-01
 0.59600E-01
 0.62144E-01
 0.64263E-01
 0.66323E-01
 0.68412E-01
 0.70572E-01
 0.72535E-01
 0.74411E-01
 0.76060E-01
 0.77561E-01
 0.79280E-01
 0.80847E-01
 0.82486E-01
 0.84199E-01
 0.85995E-01
 0.87847E-01
 0.89782E-01
 0.91810E-01
 0.93586E-01
 0.95261E-01
 0.96851E-01
 0.98360E-01
 0.99717E-01
 0.10098E+00
 0.10213E+00
 0.10323E+00
 0.10422E+00
 0.10527E+00
 0.10631E+00
 0.10724E+00
 0.10806E+00
 0.10883E+00
 0.10962E+00
 0.11045E+00
 0.11137E+00
 0.11233E+00
 0.11318E+00
 0.11401E+00
 0.11487E+00
 0.11599E+00
 0.11698E+00
 0.11796E+00
 0.11895E+00
 0.11998E+00
 0.12106E+00
 0.12204E+00
 0.12304E+00
 0.12406E+00
 0.12506E+00
 0.12605E+00
 0.12699E+00
 0.12805E+00
 0.12912E+00
 0.13020E+00
 0.13104E+00
 0.13211E+00
 0.13310E+00
 0.13399E+00
 0.13498E+00
 0.13591E+00
 0.13684E+00
 0.13789E+00
 0.13876E+00
 0.13959E+00
 0.14046E+00
 0.14119E+00
 0.14180E+00
 0.14265E+00
 0.14380E+00
 0.14481E+00
 0.14541E+00
 0.14539E+00
 0.14556E+00
 0.14342E+00
 0.13845E+00
 0.12899E+00
 0.11471E+00
 0.95878E-01
 0.79073E-01
 0.61287E-01
 0.44935E-01
 0.31688E-01
 0.22428E-01
 0.17496E-01
 0.14451E-01
 0.13208E-01
 0.12498E-01
 0.11926E-01
 0.11498E-01
 0.10977E-01
 0.10521E-01
 0.10374E-01
 0.10143E-01
 0.10066E-01
 0.10066E-01
 0.10067E-01
 0.10069E-01
 0.10071E-01
 0.10073E-01
 0.10075E-01
 0.10077E-01
 0.10081E-01
 0.10083E-01
 0.10070E-01
 0.10076E-01
 0.10000E-01
 0.10000E-01
 0.10000E-01
 0.10000E-01
 0.10000E-01
 0.10000E-01
 0.10000E-01
 0.10000E-01
 0.10000E-01
 0.10000E-01
 0.10000E-01
 0.10000E-01
 0.10000E-01
 0.59600E-01
 0.62099E-01
 0.64161E-01
 0.66163E-01
 0.68211E-01
 0.70311E-01
 0.72232E-01
 0.74069E-01
 0.75688E-01
 0.77150E-01
 0.78837E-01
 0.80376E-01
 0.81989E-01
 0.83679E-01
 0.85444E-01
 0.87264E-01
 0.89166E-01
 0.91158E-01
 0.92905E-01
 0.94548E-01
 0.96109E-01
 0.97588E-01
 0.98918E-01
 0.10015E+00
 0.10128E+00
 0.10236E+00
 0.10333E+00
 0.10434E+00
 0.10537E+00
 0.10627E+00
 0.10708E+00
 0.10782E+00
 0.10860E+00
 0.10941E+00
 0.11031E+00
 0.11125E+00
 0.11209E+00
 0.11298E+00
 0.11383E+00
 0.11486E+00
 0.11582E+00
 0.11679E+00
 0.11777E+00
 0.11878E+00
 0.11985E+00
 0.12082E+00
 0.12180E+00
 0.12281E+00
 0.12379E+00
 0.12476E+00
 0.12576E+00
 0.12672E+00
 0.12776E+00
 0.12881E+00
 0.12978E+00
 0.13067E+00
 0.13171E+00
 0.13266E+00
 0.13363E+00
 0.13453E+00
 0.13544E+00
 0.13646E+00
 0.13739E+00
 0.13835E+00
 0.13912E+00
 0.13989E+00
 0.14079E+00
 0.14146E+00
 0.14235E+00
 0.14348E+00
 0.14437E+00
 0.14514E+00
 0.14542E+00
 0.14539E+00
 0.14172E+00
 0.13565E+00
 0.12365E+00
 0.10672E+00
 0.88164E-01
 0.69336E-01
 0.51915E-01
 0.35512E-01
 0.24306E-01
 0.18700E-01
 0.15361E-01
 0.13890E-01
 0.12559E-01
 0.11994E-01
 0.11569E-01
 0.10974E-01
 0.10599E-01
 0.10374E-01
 0.10223E-01
 0.10066E-01
 0.10067E-01
 0.10067E-01
 0.10069E-01
 0.10071E-01
 0.10073E-01
 0.10075E-01
 0.10077E-01
 0.10080E-01
 0.10083E-01
 0.10070E-01
 0.10076E-01
 0.10000E-01
 0.10000E-01
 0.10000E-01
 0.10000E-01
 0.10000E-01
 0.10000E-01
 0.10000E-01
 0.10000E-01
 0.10000E-01
 0.10000E-01
 0.10000E-01
 0.10000E-01
 0.10000E-01
 0.59600E-01
 0.62107E-01
 0.64112E-01
 0.66039E-01
 0.68005E-01
 0.70045E-01
 0.71920E-01
 0.73719E-01
 0.75305E-01
 0.76742E-01
 0.78406E-01
 0.79927E-01
 0.81516E-01
 0.83188E-01
 0.84936E-01
 0.86731E-01
 0.88602E-01
 0.90563E-01
 0.92281E-01
 0.93897E-01
 0.95430E-01
 0.96884E-01
 0.98188E-01
 0.99401E-01
 0.10051E+00
 0.10156E+00
 0.10251E+00
 0.10351E+00
 0.10450E+00
 0.10539E+00
 0.10618E+00
 0.10691E+00
 0.10767E+00
 0.10845E+00
 0.10934E+00
 0.11026E+00
 0.11108E+00
 0.11195E+00
 0.11278E+00
 0.11379E+00
 0.11474E+00
 0.11570E+00
 0.11666E+00
 0.11766E+00
 0.11871E+00
 0.11974E+00
 0.12071E+00
 0.12163E+00
 0.12260E+00
 0.12355E+00
 0.12453E+00
 0.12553E+00
 0.12647E+00
 0.12749E+00
 0.12844E+00
 0.12946E+00
 0.13032E+00
 0.13133E+00
 0.13227E+00
 0.13323E+00
 0.13403E+00
 0.13510E+00
 0.13608E+00
 0.13686E+00
 0.13767E+00
 0.13850E+00
 0.13945E+00
 0.14033E+00
 0.14119E+00
 0.14215E+00
 0.14318E+00
 0.14395E+00
 0.14503E+00
 0.14575E+00
 0.14461E+00
 0.13916E+00
 0.12946E+00
 0.11552E+00
 0.96883E-01
 0.77325E-01
 0.57668E-01
 0.40175E-01
 0.27890E-01
 0.20523E-01
 0.15873E-01
 0.14256E-01
 0.12936E-01
 0.12140E-01
 0.11719E-01
 0.11126E-01
 0.10752E-01
 0.10451E-01
 0.10223E-01
 0.10067E-01
 0.10067E-01
 0.10069E-01
 0.10069E-01
 0.10071E-01
 0.10073E-01
 0.10075E-01
 0.10076E-01
 0.10080E-01
 0.10083E-01
 0.10070E-01
 0.10076E-01
 0.10000E-01
 0.10000E-01
 0.10000E-01
 0.10000E-01
 0.10000E-01
 0.10000E-01
 0.10000E-01
 0.10000E-01
 0.10000E-01
 0.10000E-01
 0.10000E-01
 0.10000E-01
 0.10000E-01
 0.59600E-01
 0.62020E-01
 0.63952E-01
 0.65847E-01
 0.67790E-01
 0.69818E-01
 0.71639E-01
 0.73371E-01
 0.74900E-01
 0.76307E-01
 0.77950E-01
 0.79462E-01
 0.81046E-01
 0.82712E-01
 0.84456E-01
 0.86232E-01
 0.88078E-01
 0.90011E-01
 0.91702E-01
 0.93293E-01
 0.94802E-01
 0.96231E-01
 0.97513E-01
 0.98703E-01
 0.99792E-01
 0.10082E+00
 0.10175E+00
 0.10273E+00
 0.10371E+00
 0.10457E+00
 0.10534E+00
 0.10606E+00
 0.10680E+00
 0.10757E+00
 0.10843E+00
 0.10933E+00
 0.11014E+00
 0.11099E+00
 0.11181E+00
 0.11281E+00
 0.11375E+00
 0.11469E+00
 0.11564E+00
 0.11662E+00
 0.11766E+00
 0.11869E+00
 0.11965E+00
 0.12056E+00
 0.12151E+00
 0.12245E+00
 0.12340E+00
 0.12436E+00
 0.12526E+00
 0.12626E+00
 0.12726E+00
 0.12819E+00
 0.12911E+00
 0.13001E+00
 0.13101E+00
 0.13194E+00
 0.13288E+00
 0.13368E+00
 0.13471E+00
 0.13569E+00
 0.13639E+00
 0.13711E+00
 0.13802E+00
 0.13903E+00
 0.13984E+00
 0.14084E+00
 0.14177E+00
 0.14283E+00
 0.14398E+00
 0.14503E+00
 0.14513E+00
 0.14247E+00
 0.13585E+00
 0.12363E+00
 0.10629E+00
 0.85316E-01
 0.64236E-01
 0.45119E-01
 0.31757E-01
 0.22097E-01
 0.16930E-01
 0.14776E-01
 0.13230E-01
 0.12362E-01
 0.11948E-01
 0.11280E-01
 0.10829E-01
 0.10528E-01
 0.10302E-01
 0.10148E-01
 0.10070E-01
 0.10071E-01
 0.10073E-01
 0.10075E-01
 0.10077E-01
 0.10077E-01
 0.10078E-01
 0.10081E-01
 0.10084E-01
 0.10070E-01
 0.10076E-01
 0.10000E-01
 0.10000E-01
 0.10000E-01
 0.10000E-01
 0.10000E-01
 0.10000E-01
 0.10000E-01
 0.10000E-01
 0.10000E-01
 0.10000E-01
 0.10000E-01
 0.10000E-01
 0.10000E-01
 0.59600E-01
 0.62012E-01
 0.63907E-01
 0.65742E-01
 0.67581E-01
 0.69564E-01
 0.71347E-01
 0.73043E-01
 0.74540E-01
 0.75930E-01
 0.77560E-01
 0.79059E-01
 0.80629E-01
 0.82277E-01
 0.84003E-01
 0.85754E-01
 0.87572E-01
 0.89476E-01
 0.91142E-01
 0.92708E-01
 0.94192E-01
 0.95598E-01
 0.96857E-01
 0.98027E-01
 0.99095E-01
 0.10011E+00
 0.10102E+00
 0.10198E+00
 0.10293E+00
 0.10378E+00
 0.10453E+00
 0.10523E+00
 0.10596E+00
 0.10672E+00
 0.10757E+00
 0.10845E+00
 0.10924E+00
 0.11009E+00
 0.11089E+00
 0.11187E+00
 0.11280E+00
 0.11372E+00
 0.11466E+00
 0.11563E+00
 0.11665E+00
 0.11767E+00
 0.11861E+00
 0.11951E+00
 0.12046E+00
 0.12136E+00
 0.12229E+00
 0.12322E+00
 0.12409E+00
 0.12507E+00
 0.12605E+00
 0.12704E+00
 0.12794E+00
 0.12874E+00
 0.12972E+00
 0.13071E+00
 0.13163E+00
 0.13241E+00
 0.13340E+00
 0.13428E+00
 0.13519E+00
 0.13588E+00
 0.13668E+00
 0.13758E+00
 0.13844E+00
 0.13957E+00
 0.14072E+00
 0.14177E+00
 0.14292E+00
 0.14431E+00
 0.14500E+00
 0.14384E+00
 0.13898E+00
 0.13039E+00
 0.11304E+00
 0.93024E-01
 0.71237E-01
 0.50197E-01
 0.34209E-01
 0.23686E-01
 0.18162E-01
 0.14995E-01
 0.13607E-01
 0.12665E-01
 0.12015E-01
 0.11351E-01
 0.10825E-01
 0.10526E-01
 0.10300E-01
 0.10146E-01
 0.10069E-01
 0.10070E-01
 0.10074E-01
 0.10076E-01
 0.10079E-01
 0.10079E-01
 0.10080E-01
 0.10083E-01
 0.10084E-01
 0.10070E-01
 0.10076E-01
 0.10000E-01
 0.10000E-01
 0.10000E-01
 0.10000E-01
 0.10000E-01
 0.10000E-01
 0.10000E-01
 0.10000E-01
 0.10000E-01
 0.10000E-01
 0.10000E-01
 0.10000E-01
 0.10000E-01
 0.59600E-01
 0.61970E-01
 0.63809E-01
 0.65595E-01
 0.67392E-01
 0.69328E-01
 0.71078E-01
 0.72741E-01
 0.74199E-01
 0.75581E-01
 0.77178E-01
 0.78659E-01
 0.80211E-01
 0.81840E-01
 0.83551E-01
 0.85280E-01
 0.87074E-01
 0.88952E-01
 0.90593E-01
 0.92138E-01
 0.93599E-01
 0.94983E-01
 0.96221E-01
 0.97369E-01
 0.98418E-01
 0.99410E-01
 0.10031E+00
 0.10124E+00
 0.10218E+00
 0.10301E+00
 0.10375E+00
 0.10444E+00
 0.10515E+00
 0.10590E+00
 0.10674E+00
 0.10761E+00
 0.10839E+00
 0.10922E+00
 0.11002E+00
 0.11099E+00
 0.11190E+00
 0.11282E+00
 0.11373E+00
 0.11469E+00
 0.11570E+00
 0.11670E+00
 0.11764E+00
 0.11854E+00
 0.11948E+00
 0.12038E+00
 0.12129E+00
 0.12218E+00
 0.12302E+00
 0.12397E+00
 0.12493E+00
 0.12590E+00
 0.12686E+00
 0.12757E+00
 0.12852E+00
 0.12949E+00
 0.13046E+00
 0.13128E+00
 0.13209E+00
 0.13302E+00
 0.13383E+00
 0.13465E+00
 0.13543E+00
 0.13630E+00
 0.13713E+00
 0.13832E+00
 0.13952E+00
 0.14056E+00
 0.14186E+00
 0.14342E+00
 0.14441E+00
 0.14434E+00
 0.14140E+00
 0.13293E+00
 0.11893E+00
 0.10133E+00
 0.78505E-01
 0.55314E-01
 0.37113E-01
 0.25725E-01
 0.19137E-01
 0.15593E-01
 0.13899E-01
 0.12885E-01
 0.12323E-01
 0.11428E-01
 0.10983E-01
 0.10602E-01
 0.10298E-01
 0.10145E-01
 0.10068E-01
 0.10070E-01
 0.10074E-01
 0.10078E-01
 0.10080E-01
 0.10081E-01
 0.10082E-01
 0.10085E-01
 0.10084E-01
 0.10070E-01
 0.10076E-01
 0.10000E-01
 0.10000E-01
 0.10000E-01
 0.10000E-01
 0.10000E-01
 0.10000E-01
 0.10000E-01
 0.10000E-01
 0.10000E-01
 0.10000E-01
 0.10000E-01
 0.10000E-01
 0.10000E-01
 0.59600E-01
 0.61901E-01
 0.63687E-01
 0.65427E-01
 0.67181E-01
 0.69091E-01
 0.70815E-01
 0.72446E-01
 0.73869E-01
 0.75224E-01
 0.76797E-01
 0.78264E-01
 0.79804E-01
 0.81421E-01
 0.83118E-01
 0.84825E-01
 0.86595E-01
 0.88445E-01
 0.90066E-01
 0.91587E-01
 0.93026E-01
 0.94388E-01
 0.95607E-01
 0.96737E-01
 0.97764E-01
 0.98738E-01
 0.99617E-01
 0.10054E+00
 0.10146E+00
 0.10228E+00
 0.10300E+00
 0.10367E+00
 0.10438E+00
 0.10511E+00
 0.10594E+00
 0.10679E+00
 0.10756E+00
 0.10838E+00
 0.10917E+00
 0.11013E+00
 0.11103E+00
 0.11193E+00
 0.11283E+00
 0.11378E+00
 0.11478E+00
 0.11577E+00
 0.11670E+00
 0.11759E+00
 0.11852E+00
 0.11941E+00
 0.12030E+00
 0.12117E+00
 0.12198E+00
 0.12291E+00
 0.12385E+00
 0.12480E+00
 0.12575E+00
 0.12667E+00
 0.12737E+00
 0.12832E+00
 0.12927E+00
 0.13024E+00
 0.13087E+00
 0.13177E+00
 0.13264E+00
 0.13351E+00
 0.13435E+00
 0.13512E+00
 0.13601E+00
 0.13702E+00
 0.13820E+00
 0.13954E+00
 0.14068E+00
 0.14248E+00
 0.14382E+00
 0.14452E+00
 0.14262E+00
 0.13545E+00
 0.12396E+00
 0.10655E+00
 0.85205E-01
 0.60960E-01
 0.40867E-01
 0.27676E-01
 0.20110E-01
 0.16112E-01
 0.14272E-01
 0.13186E-01
 0.12313E-01
 0.11580E-01
 0.11058E-01
 0.10679E-01
 0.10297E-01
 0.10145E-01
 0.10068E-01
 0.10070E-01
 0.10074E-01
 0.10078E-01
 0.10080E-01
 0.10081E-01
 0.10082E-01
 0.10085E-01
 0.10084E-01
 0.10070E-01
 0.10076E-01
 0.10000E-01
 0.10000E-01
 0.10000E-01
 0.10000E-01
 0.10000E-01
 0.10000E-01
 0.10000E-01
 0.10000E-01
 0.10000E-01
 0.10000E-01
 0.10000E-01
 0.10000E-01
 0.10000E-01
 0.59600E-01
 0.61831E-01
 0.63576E-01
 0.65290E-01
 0.67001E-01
 0.68897E-01
 0.70599E-01
 0.72183E-01
 0.73569E-01
 0.74902E-01
 0.76455E-01
 0.77893E-01
 0.79414E-01
 0.81017E-01
 0.82704E-01
 0.84393E-01
 0.86138E-01
 0.87969E-01
 0.89566E-01
 0.91066E-01
 0.92485E-01
 0.93827E-01
 0.95025E-01
 0.96135E-01
 0.97146E-01
 0.98103E-01
 0.98967E-01
 0.99872E-01
 0.10078E+00
 0.10158E+00
 0.10229E+00
 0.10295E+00
 0.10364E+00
 0.10437E+00
 0.10518E+00
 0.10603E+00
 0.10678E+00
 0.10759E+00
 0.10844E+00
 0.10931E+00
 0.11020E+00
 0.11109E+00
 0.11199E+00
 0.11292E+00
 0.11392E+00
 0.11490E+00
 0.11583E+00
 0.11671E+00
 0.11763E+00
 0.11851E+00
 0.11937E+00
 0.12021E+00
 0.12099E+00
 0.12190E+00
 0.12282E+00
 0.12375E+00
 0.12468E+00
 0.12559E+00
 0.12636E+00
 0.12721E+00
 0.12814E+00
 0.12909E+00
 0.13002E+00
 0.13059E+00
 0.13143E+00
 0.13228E+00
 0.13317E+00
 0.13392E+00
 0.13494E+00
 0.13585E+00
 0.13693E+00
 0.13825E+00
 0.13970E+00
 0.14135E+00
 0.14312E+00
 0.14406E+00
 0.14318E+00
 0.13728E+00
 0.12868E+00
 0.11191E+00
 0.91388E-01
 0.67591E-01
 0.44828E-01
 0.30478E-01
 0.21700E-01
 0.16550E-01
 0.14644E-01
 0.13487E-01
 0.12383E-01
 0.11889E-01
 0.11054E-01
 0.10755E-01
 0.10295E-01
 0.10144E-01
 0.10068E-01
 0.10070E-01
 0.10075E-01
 0.10079E-01
 0.10082E-01
 0.10083E-01
 0.10083E-01
 0.10086E-01
 0.10084E-01
 0.10070E-01
 0.10076E-01
 0.10000E-01
 0.10000E-01
 0.10000E-01
 0.10000E-01
 0.10000E-01
 0.10000E-01
 0.10000E-01
 0.10000E-01
 0.10000E-01
 0.10000E-01
 0.10000E-01
 0.10000E-01
 0.10000E-01
 0.59600E-01
 0.61762E-01
 0.63461E-01
 0.65147E-01
 0.66818E-01
 0.68705E-01
 0.70392E-01
 0.71942E-01
 0.73289E-01
 0.74593E-01
 0.76121E-01
 0.77537E-01
 0.79038E-01
 0.80621E-01
 0.82290E-01
 0.83960E-01
 0.85687E-01
 0.87495E-01
 0.89071E-01
 0.90550E-01
 0.91948E-01
 0.93271E-01
 0.94450E-01
 0.95542E-01
 0.96538E-01
 0.97477E-01
 0.98325E-01
 0.99215E-01
 0.10011E+00
 0.10089E+00
 0.10159E+00
 0.10224E+00
 0.10292E+00
 0.10364E+00
 0.10444E+00
 0.10527E+00
 0.10603E+00
 0.10682E+00
 0.10767E+00
 0.10852E+00
 0.10940E+00
 0.11028E+00
 0.11117E+00
 0.11210E+00
 0.11308E+00
 0.11405E+00
 0.11497E+00
 0.11584E+00
 0.11675E+00
 0.11762E+00
 0.11846E+00
 0.11926E+00
 0.12002E+00
 0.12091E+00
 0.12181E+00
 0.12273E+00
 0.12364E+00
 0.12454E+00
 0.12544E+00
 0.12612E+00
 0.12704E+00
 0.12797E+00
 0.12888E+00
 0.12958E+00
 0.13024E+00
 0.13107E+00
 0.13193E+00
 0.13290E+00
 0.13382E+00
 0.13487E+00
 0.13602E+00
 0.13733E+00
 0.13869E+00
 0.14037E+00
 0.14225E+00
 0.14355E+00
 0.14337E+00
 0.13930E+00
 0.13128E+00
 0.11649E+00
 0.96144E-01
 0.74910E-01
 0.49090E-01
 0.33428E-01
 0.23522E-01
 0.17456E-01
 0.14775E-01
 0.13546E-01
 0.12610E-01
 0.11962E-01
 0.11052E-01
 0.10753E-01
 0.10294E-01
 0.10223E-01
 0.10067E-01
 0.10070E-01
 0.10075E-01
 0.10079E-01
 0.10082E-01
 0.10083E-01
 0.10083E-01
 0.10086E-01
 0.10084E-01
 0.10070E-01
 0.10076E-01
 0.10000E-01
 0.10000E-01
 0.10000E-01
 0.10000E-01
 0.10000E-01
 0.10000E-01
 0.10000E-01
 0.10000E-01
 0.10000E-01
 0.10000E-01
 0.10000E-01
 0.10000E-01
 0.10000E-01
 0.59600E-01
 0.61715E-01
 0.63389E-01
 0.65026E-01
 0.66671E-01
 0.68534E-01
 0.70194E-01
 0.71716E-01
 0.73028E-01
 0.74303E-01
 0.75798E-01
 0.77189E-01
 0.78668E-01
 0.80230E-01
 0.81879E-01
 0.83530E-01
 0.85236E-01
 0.87026E-01
 0.88584E-01
 0.90045E-01
 0.91425E-01
 0.92729E-01
 0.93891E-01
 0.94964E-01
 0.95943E-01
 0.96866E-01
 0.97700E-01
 0.98575E-01
 0.99452E-01
 0.10023E+00
 0.10092E+00
 0.10156E+00
 0.10224E+00
 0.10295E+00
 0.10374E+00
 0.10457E+00
 0.10531E+00
 0.10610E+00
 0.10694E+00
 0.10779E+00
 0.10865E+00
 0.10952E+00
 0.11040E+00
 0.11131E+00
 0.11229E+00
 0.11326E+00
 0.11424E+00
 0.11503E+00
 0.11594E+00
 0.11680E+00
 0.11763E+00
 0.11840E+00
 0.11913E+00
 0.12000E+00
 0.12089E+00
 0.12179E+00
 0.12269E+00
 0.12357E+00
 0.12446E+00
 0.12536E+00
 0.12602E+00
 0.12694E+00
 0.12782E+00
 0.12867E+00
 0.12931E+00
 0.12996E+00
 0.13080E+00
 0.13174E+00
 0.13272E+00
 0.13374E+00
 0.13487E+00
 0.13616E+00
 0.13751E+00
 0.13918E+00
 0.14125E+00
 0.14292E+00
 0.14342E+00
 0.14014E+00
 0.13413E+00
 0.12075E+00
 0.10200E+00
 0.80464E-01
 0.53256E-01
 0.35660E-01
 0.25267E-01
 0.18440E-01
 0.15222E-01
 0.13609E-01
 0.12679E-01
 0.12033E-01
 0.11205E-01
 0.10829E-01
 0.10529E-01
 0.10301E-01
 0.10068E-01
 0.10070E-01
 0.10075E-01
 0.10079E-01
 0.10083E-01
 0.10083E-01
 0.10083E-01
 0.10087E-01
 0.10084E-01
 0.10070E-01
 0.10076E-01
 0.10000E-01
 0.10000E-01
 0.10000E-01
 0.10000E-01
 0.10000E-01
 0.10000E-01
 0.10000E-01
 0.10000E-01
 0.10000E-01
 0.10000E-01
 0.10000E-01
 0.10000E-01
 0.10000E-01
 0.59600E-01
 0.61644E-01
 0.63294E-01
 0.64913E-01
 0.66542E-01
 0.68402E-01
 0.70031E-01
 0.71519E-01
 0.72783E-01
 0.74024E-01
 0.75490E-01
 0.76854E-01
 0.78311E-01
 0.79859E-01
 0.81494E-01
 0.83124E-01
 0.84808E-01
 0.86574E-01
 0.88113E-01
 0.89557E-01
 0.90920E-01
 0.92208E-01
 0.93353E-01
 0.94410E-01
 0.95373E-01
 0.96282E-01
 0.97102E-01
 0.97962E-01
 0.98824E-01
 0.99587E-01
 0.10027E+00
 0.10091E+00
 0.10158E+00
 0.10228E+00
 0.10307E+00
 0.10389E+00
 0.10462E+00
 0.10539E+00
 0.10621E+00
 0.10705E+00
 0.10790E+00
 0.10876E+00
 0.10963E+00
 0.11053E+00
 0.11151E+00
 0.11247E+00
 0.11345E+00
 0.11424E+00
 0.11514E+00
 0.11607E+00
 0.11679E+00
 0.11753E+00
 0.11824E+00
 0.11909E+00
 0.11997E+00
 0.12086E+00
 0.12174E+00
 0.12261E+00
 0.12349E+00
 0.12437E+00
 0.12502E+00
 0.12591E+00
 0.12678E+00
 0.12761E+00
 0.12824E+00
 0.12903E+00
 0.12986E+00
 0.13071E+00
 0.13175E+00
 0.13277E+00
 0.13397E+00
 0.13526E+00
 0.13645E+00
 0.13823E+00
 0.14042E+00
 0.14229E+00
 0.14365E+00
 0.14091E+00
 0.13617E+00
 0.12438E+00
 0.10631E+00
 0.84996E-01
 0.58201E-01
 0.38360E-01
 0.26060E-01
 0.18874E-01
 0.15437E-01
 0.13989E-01
 0.12671E-01
 0.12265E-01
 0.11438E-01
 0.10826E-01
 0.10528E-01
 0.10378E-01
 0.10145E-01
 0.10149E-01
 0.10075E-01
 0.10079E-01
 0.10082E-01
 0.10082E-01
 0.10082E-01
 0.10085E-01
 0.10084E-01
 0.10070E-01
 0.10076E-01
 0.10000E-01
 0.10000E-01
 0.10000E-01
 0.10000E-01
 0.10000E-01
 0.10000E-01
 0.10000E-01
 0.10000E-01
 0.10000E-01
 0.10000E-01
 0.10000E-01
 0.10000E-01
 0.10000E-01
 0.59600E-01
 0.61582E-01
 0.63188E-01
 0.64795E-01
 0.66399E-01
 0.68247E-01
 0.69852E-01
 0.71312E-01
 0.72543E-01
 0.73764E-01
 0.75210E-01
 0.76560E-01
 0.78001E-01
 0.79530E-01
 0.81145E-01
 0.82754E-01
 0.84417E-01
 0.86161E-01
 0.87680E-01
 0.89104E-01
 0.90448E-01
 0.91719E-01
 0.92847E-01
 0.93889E-01
 0.94837E-01
 0.95731E-01
 0.96539E-01
 0.97386E-01
 0.98235E-01
 0.98985E-01
 0.99654E-01
 0.10028E+00
 0.10094E+00
 0.10163E+00
 0.10241E+00
 0.10321E+00
 0.10394E+00
 0.10469E+00
 0.10551E+00
 0.10634E+00
 0.10718E+00
 0.10803E+00
 0.10889E+00
 0.10979E+00
 0.11076E+00
 0.11172E+00
 0.11269E+00
 0.11348E+00
 0.11437E+00
 0.11530E+00
 0.11600E+00
 0.11672E+00
 0.11741E+00
 0.11825E+00
 0.11911E+00
 0.11999E+00
 0.12086E+00
 0.12172E+00
 0.12258E+00
 0.12345E+00
 0.12417E+00
 0.12496E+00
 0.12582E+00
 0.12663E+00
 0.12732E+00
 0.12810E+00
 0.12883E+00
 0.12974E+00
 0.13068E+00
 0.13176E+00
 0.13303E+00
 0.13437E+00
 0.13564E+00
 0.13719E+00
 0.13946E+00
 0.14144E+00
 0.14340E+00
 0.14174E+00
 0.13758E+00
 0.12806E+00
 0.11029E+00
 0.88575E-01
 0.62651E-01
 0.40955E-01
 0.28028E-01
 0.20171E-01
 0.15965E-01
 0.14051E-01
 0.12976E-01
 0.12494E-01
 0.11512E-01
 0.10905E-01
 0.10527E-01
 0.10378E-01
 0.10144E-01
 0.10147E-01
 0.10151E-01
 0.10234E-01
 0.10236E-01
 0.10235E-01
 0.10157E-01
 0.10161E-01
 0.10084E-01
 0.10070E-01
 0.10076E-01
 0.10000E-01
 0.10000E-01
 0.10000E-01
 0.10000E-01
 0.10000E-01
 0.10000E-01
 0.10000E-01
 0.10000E-01
 0.10000E-01
 0.10000E-01
 0.10000E-01
 0.10000E-01
 0.10000E-01
 0.59600E-01
 0.61523E-01
 0.63087E-01
 0.64663E-01
 0.66244E-01
 0.68070E-01
 0.69654E-01
 0.71087E-01
 0.72303E-01
 0.73513E-01
 0.74942E-01
 0.76275E-01
 0.77697E-01
 0.79202E-01
 0.80797E-01
 0.82388E-01
 0.84033E-01
 0.85759E-01
 0.87263E-01
 0.88672E-01
 0.90001E-01
 0.91256E-01
 0.92370E-01
 0.93397E-01
 0.94332E-01
 0.95212E-01
 0.96008E-01
 0.96842E-01
 0.97678E-01
 0.98417E-01
 0.99078E-01
 0.99697E-01
 0.10035E+00
 0.10103E+00
 0.10180E+00
 0.10259E+00
 0.10330E+00
 0.10405E+00
 0.10485E+00
 0.10567E+00
 0.10650E+00
 0.10734E+00
 0.10819E+00
 0.10909E+00
 0.11005E+00
 0.11100E+00
 0.11196E+00
 0.11274E+00
 0.11363E+00
 0.11454E+00
 0.11524E+00
 0.11595E+00
 0.11663E+00
 0.11745E+00
 0.11830E+00
 0.11917E+00
 0.12003E+00
 0.12087E+00
 0.12172E+00
 0.12258E+00
 0.12335E+00
 0.12405E+00
 0.12489E+00
 0.12569E+00
 0.12653E+00
 0.12713E+00
 0.12793E+00
 0.12875E+00
 0.12976E+00
 0.13090E+00
 0.13208E+00
 0.13334E+00
 0.13477E+00
 0.13634E+00
 0.13854E+00
 0.14077E+00
 0.14276E+00
 0.14241E+00
 0.13824E+00
 0.12938E+00
 0.11364E+00
 0.93023E-01
 0.67638E-01
 0.44489E-01
 0.29512E-01
 0.21305E-01
 0.16412E-01
 0.14192E-01
 0.13122E-01
 0.12484E-01
 0.11507E-01
 0.11061E-01
 0.10527E-01
 0.10378E-01
 0.10145E-01
 0.10147E-01
 0.10229E-01
 0.10233E-01
 0.10235E-01
 0.10234E-01
 0.10156E-01
 0.10160E-01
 0.10083E-01
 0.10070E-01
 0.10076E-01
 0.10000E-01
 0.10000E-01
 0.10000E-01
 0.10000E-01
 0.10000E-01
 0.10000E-01
 0.10000E-01
 0.10000E-01
 0.10000E-01
 0.10000E-01
 0.10000E-01
 0.10000E-01
 0.10000E-01
 0.59600E-01
 0.61468E-01
 0.63015E-01
 0.64544E-01
 0.66105E-01
 0.67908E-01
 0.69469E-01
 0.70880E-01
 0.72076E-01
 0.73268E-01
 0.74679E-01
 0.75996E-01
 0.77402E-01
 0.78889E-01
 0.80466E-01
 0.82039E-01
 0.83666E-01
 0.85374E-01
 0.86862E-01
 0.88255E-01
 0.89568E-01
 0.90807E-01
 0.91907E-01
 0.92920E-01
 0.93841E-01
 0.94709E-01
 0.95493E-01
 0.96315E-01
 0.97139E-01
 0.97867E-01
 0.98517E-01
 0.99127E-01
 0.99767E-01
 0.10044E+00
 0.10120E+00
 0.10198E+00
 0.10268E+00
 0.10342E+00
 0.10421E+00
 0.10502E+00
 0.10584E+00
 0.10667E+00
 0.10752E+00
 0.10841E+00
 0.10936E+00
 0.11030E+00
 0.11125E+00
 0.11202E+00
 0.11290E+00
 0.11381E+00
 0.11450E+00
 0.11520E+00
 0.11587E+00
 0.11668E+00
 0.11751E+00
 0.11836E+00
 0.11921E+00
 0.12004E+00
 0.12088E+00
 0.12172E+00
 0.12249E+00
 0.12326E+00
 0.12400E+00
 0.12479E+00
 0.12561E+00
 0.12620E+00
 0.12699E+00
 0.12780E+00
 0.12880E+00
 0.12993E+00
 0.13111E+00
 0.13244E+00
 0.13395E+00
 0.13553E+00
 0.13767E+00
 0.13994E+00
 0.14227E+00
 0.14235E+00
 0.13927E+00
 0.13136E+00
 0.11700E+00
 0.96914E-01
 0.72309E-01
 0.46918E-01
 0.30916E-01
 0.22280E-01
 0.16701E-01
 0.14490E-01
 0.13268E-01
 0.12710E-01
 0.11739E-01
 0.11295E-01
 0.10526E-01
 0.10378E-01
 0.10145E-01
 0.10147E-01
 0.10230E-01
 0.10234E-01
 0.10234E-01
 0.10233E-01
 0.10155E-01
 0.10160E-01
 0.10082E-01
 0.10082E-01
 0.10076E-01
 0.10000E-01
 0.10000E-01
 0.10000E-01
 0.10000E-01
 0.10000E-01
 0.10000E-01
 0.10000E-01
 0.10000E-01
 0.10000E-01
 0.10000E-01
 0.10000E-01
 0.10000E-01
 0.10000E-01
 0.59600E-01
 0.61430E-01
 0.62925E-01
 0.64430E-01
 0.65974E-01
 0.67754E-01
 0.69293E-01
 0.70689E-01
 0.71874E-01
 0.73052E-01
 0.74442E-01
 0.75734E-01
 0.77117E-01
 0.78587E-01
 0.80149E-01
 0.81707E-01
 0.83318E-01
 0.85008E-01
 0.86481E-01
 0.87858E-01
 0.89155E-01
 0.90379E-01
 0.91465E-01
 0.92465E-01
 0.93373E-01
 0.94229E-01
 0.95002E-01
 0.95812E-01
 0.96624E-01
 0.97341E-01
 0.97982E-01
 0.98582E-01
 0.99212E-01
 0.99877E-01
 0.10063E+00
 0.10139E+00
 0.10209E+00
 0.10282E+00
 0.10360E+00
 0.10440E+00
 0.10522E+00
 0.10604E+00
 0.10688E+00
 0.10777E+00
 0.10871E+00
 0.10964E+00
 0.11059E+00
 0.11143E+00
 0.11231E+00
 0.11313E+00
 0.11381E+00
 0.11449E+00
 0.11514E+00
 0.11594E+00
 0.11676E+00
 0.11760E+00
 0.11844E+00
 0.11926E+00
 0.12008E+00
 0.12091E+00
 0.12174E+00
 0.12242E+00
 0.12315E+00
 0.12392E+00
 0.12473E+00
 0.12539E+00
 0.12609E+00
 0.12689E+00
 0.12787E+00
 0.12908E+00
 0.13025E+00
 0.13150E+00
 0.13310E+00
 0.13476E+00
 0.13708E+00
 0.13953E+00
 0.14188E+00
 0.14237E+00
 0.13981E+00
 0.13301E+00
 0.12017E+00
 0.10133E+00
 0.75854E-01
 0.50291E-01
 0.32863E-01
 0.23013E-01
 0.17148E-01
 0.14552E-01
 0.13256E-01
 0.12701E-01
 0.11812E-01
 0.11292E-01
 0.10605E-01
 0.10377E-01
 0.10145E-01
 0.10147E-01
 0.10230E-01
 0.10234E-01
 0.10234E-01
 0.10233E-01
 0.10154E-01
 0.10159E-01
 0.10081E-01
 0.10081E-01
 0.10076E-01
 0.10000E-01
 0.10000E-01
 0.10000E-01
 0.10000E-01
 0.10000E-01
 0.10000E-01
 0.10000E-01
 0.10000E-01
 0.10000E-01
 0.10000E-01
 0.10000E-01
 0.10000E-01
 0.10000E-01
 0.59600E-01
 0.61399E-01
 0.62851E-01
 0.64316E-01
 0.65843E-01
 0.67603E-01
 0.69122E-01
 0.70498E-01
 0.71659E-01
 0.72819E-01
 0.74190E-01
 0.75469E-01
 0.76837E-01
 0.78291E-01
 0.79836E-01
 0.81379E-01
 0.82974E-01
 0.84647E-01
 0.86104E-01
 0.87466E-01
 0.88749E-01
 0.89959E-01
 0.91032E-01
 0.92019E-01
 0.92915E-01
 0.93759E-01
 0.94521E-01
 0.95321E-01
 0.96121E-01
 0.96828E-01
 0.97459E-01
 0.98051E-01
 0.98672E-01
 0.99328E-01
 0.10007E+00
 0.10082E+00
 0.10151E+00
 0.10223E+00
 0.10301E+00
 0.10380E+00
 0.10461E+00
 0.10542E+00
 0.10625E+00
 0.10714E+00
 0.10808E+00
 0.10900E+00
 0.10994E+00
 0.11077E+00
 0.11165E+00
 0.11246E+00
 0.11314E+00
 0.11381E+00
 0.11445E+00
 0.11524E+00
 0.11605E+00
 0.11687E+00
 0.11770E+00
 0.11851E+00
 0.11932E+00
 0.12014E+00
 0.12096E+00
 0.12170E+00
 0.12242E+00
 0.12318E+00
 0.12389E+00
 0.12454E+00
 0.12522E+00
 0.12601E+00
 0.12698E+00
 0.12818E+00
 0.12943E+00
 0.13067E+00
 0.13218E+00
 0.13401E+00
 0.13626E+00
 0.13881E+00
 0.14126E+00
 0.14264E+00
 0.14023E+00
 0.13469E+00
 0.12171E+00
 0.10511E+00
 0.81741E-01
 0.53403E-01
 0.34256E-01
 0.24218E-01
 0.17832E-01
 0.15087E-01
 0.13327E-01
 0.12697E-01
 0.11968E-01
 0.11290E-01
 0.10604E-01
 0.10377E-01
 0.10145E-01
 0.10147E-01
 0.10230E-01
 0.10233E-01
 0.10233E-01
 0.10232E-01
 0.10154E-01
 0.10158E-01
 0.10080E-01
 0.10081E-01
 0.10076E-01
 0.10000E-01
 0.10000E-01
 0.10000E-01
 0.10000E-01
 0.10000E-01
 0.10000E-01
 0.10000E-01
 0.10000E-01
 0.10000E-01
 0.10000E-01
 0.10000E-01
 0.10000E-01
 0.10000E-01
 0.59600E-01
 0.61339E-01
 0.62756E-01
 0.64207E-01
 0.65725E-01
 0.67473E-01
 0.68969E-01
 0.70322E-01
 0.71462E-01
 0.72604E-01
 0.73955E-01
 0.75217E-01
 0.76570E-01
 0.78005E-01
 0.79534E-01
 0.81062E-01
 0.82641E-01
 0.84297E-01
 0.85740E-01
 0.87088E-01
 0.88357E-01
 0.89554E-01
 0.90614E-01
 0.91589E-01
 0.92473E-01
 0.93306E-01
 0.94059E-01
 0.94848E-01
 0.95637E-01
 0.96333E-01
 0.96955E-01
 0.97538E-01
 0.98150E-01
 0.98798E-01
 0.99526E-01
 0.10027E+00
 0.10095E+00
 0.10167E+00
 0.10243E+00
 0.10321E+00
 0.10401E+00
 0.10482E+00
 0.10565E+00
 0.10653E+00
 0.10747E+00
 0.10839E+00
 0.10932E+00
 0.11015E+00
 0.11103E+00
 0.11184E+00
 0.11250E+00
 0.11316E+00
 0.11379E+00
 0.11456E+00
 0.11536E+00
 0.11618E+00
 0.11700E+00
 0.11779E+00
 0.11860E+00
 0.11941E+00
 0.12021E+00
 0.12102E+00
 0.12173E+00
 0.12240E+00
 0.12310E+00
 0.12381E+00
 0.12440E+00
 0.12517E+00
 0.12613E+00
 0.12732E+00
 0.12855E+00
 0.12980E+00
 0.13139E+00
 0.13323E+00
 0.13565E+00
 0.13821E+00
 0.14061E+00
 0.14248E+00
 0.14108E+00
 0.13602E+00
 0.12471E+00
 0.10769E+00
 0.85683E-01
 0.57154E-01
 0.35813E-01
 0.25034E-01
 0.18832E-01
 0.15151E-01
 0.13712E-01
 0.12692E-01
 0.11966E-01
 0.11373E-01
 0.10605E-01
 0.10378E-01
 0.10146E-01
 0.10148E-01
 0.10231E-01
 0.10233E-01
 0.10233E-01
 0.10232E-01
 0.10154E-01
 0.10158E-01
 0.10080E-01
 0.10080E-01
 0.10076E-01
 0.10000E-01
 0.10000E-01
 0.10000E-01
 0.10000E-01
 0.10000E-01
 0.10000E-01
 0.10000E-01
 0.10000E-01
 0.10000E-01
 0.10000E-01
 0.10000E-01
 0.10000E-01
 0.10000E-01
 0.59600E-01
 0.61273E-01
 0.62664E-01
 0.64111E-01
 0.65616E-01
 0.67354E-01
 0.68838E-01
 0.70174E-01
 0.71286E-01
 0.72403E-01
 0.73733E-01
 0.74982E-01
 0.76316E-01
 0.77734E-01
 0.79244E-01
 0.80756E-01
 0.82318E-01
 0.83957E-01
 0.85384E-01
 0.86717E-01
 0.87973E-01
 0.89157E-01
 0.90204E-01
 0.91167E-01
 0.92040E-01
 0.92861E-01
 0.93603E-01
 0.94382E-01
 0.95160E-01
 0.95846E-01
 0.96458E-01
 0.97033E-01
 0.97638E-01
 0.98278E-01
 0.98998E-01
 0.99737E-01
 0.10041E+00
 0.10112E+00
 0.10188E+00
 0.10265E+00
 0.10344E+00
 0.10424E+00
 0.10506E+00
 0.10594E+00
 0.10688E+00
 0.10778E+00
 0.10871E+00
 0.10954E+00
 0.11040E+00
 0.11121E+00
 0.11186E+00
 0.11252E+00
 0.11314E+00
 0.11390E+00
 0.11469E+00
 0.11550E+00
 0.11631E+00
 0.11710E+00
 0.11789E+00
 0.11869E+00
 0.11948E+00
 0.12028E+00
 0.12097E+00
 0.12171E+00
 0.12232E+00
 0.12302E+00
 0.12368E+00
 0.12445E+00
 0.12539E+00
 0.12650E+00
 0.12773E+00
 0.12897E+00
 0.13056E+00
 0.13250E+00
 0.13484E+00
 0.13772E+00
 0.14000E+00
 0.14232E+00
 0.14163E+00
 0.13726E+00
 0.12696E+00
 0.11184E+00
 0.89315E-01
 0.60442E-01
 0.37533E-01
 0.26557E-01
 0.19276E-01
 0.15452E-01
 0.13862E-01
 0.12767E-01
 0.12043E-01
 0.11687E-01
 0.10605E-01
 0.10378E-01
 0.10146E-01
 0.10148E-01
 0.10230E-01
 0.10233E-01
 0.10233E-01
 0.10232E-01
 0.10154E-01
 0.10158E-01
 0.10080E-01
 0.10080E-01
 0.10076E-01
 0.10000E-01
 0.10000E-01
 0.10000E-01
 0.10000E-01
 0.10000E-01
 0.10000E-01
 0.10000E-01
 0.10000E-01
 0.10000E-01
 0.10000E-01
 0.10000E-01
 0.10000E-01
 0.10000E-01
 0.59600E-01
 0.61223E-01
 0.62590E-01
 0.64028E-01
 0.65520E-01
 0.67250E-01
 0.68715E-01
 0.70028E-01
 0.71115E-01
 0.72213E-01
 0.73526E-01
 0.74761E-01
 0.76076E-01
 0.77476E-01
 0.78966E-01
 0.80462E-01
 0.82008E-01
 0.83630E-01
 0.85043E-01
 0.86362E-01
 0.87605E-01
 0.88776E-01
 0.89812E-01
 0.90763E-01
 0.91625E-01
 0.92437E-01
 0.93170E-01
 0.93939E-01
 0.94707E-01
 0.95383E-01
 0.95987E-01
 0.96553E-01
 0.97150E-01
 0.97782E-01
 0.98494E-01
 0.99225E-01
 0.99892E-01
 0.10059E+00
 0.10135E+00
 0.10211E+00
 0.10289E+00
 0.10368E+00
 0.10450E+00
 0.10537E+00
 0.10630E+00
 0.10721E+00
 0.10812E+00
 0.10895E+00
 0.10981E+00
 0.11061E+00
 0.11134E+00
 0.11191E+00
 0.11252E+00
 0.11328E+00
 0.11406E+00
 0.11485E+00
 0.11566E+00
 0.11643E+00
 0.11721E+00
 0.11800E+00
 0.11878E+00
 0.11957E+00
 0.12025E+00
 0.12098E+00
 0.12166E+00
 0.12227E+00
 0.12292E+00
 0.12367E+00
 0.12461E+00
 0.12571E+00
 0.12693E+00
 0.12818E+00
 0.12985E+00
 0.13173E+00
 0.13415E+00
 0.13706E+00
 0.13944E+00
 0.14171E+00
 0.14146E+00
 0.13834E+00
 0.12961E+00
 0.11474E+00
 0.93580E-01
 0.64271E-01
 0.40035E-01
 0.27522E-01
 0.19877E-01
 0.15594E-01
 0.14012E-01
 0.12842E-01
 0.12119E-01
 0.11685E-01
 0.10761E-01
 0.10378E-01
 0.10146E-01
 0.10148E-01
 0.10231E-01
 0.10233E-01
 0.10232E-01
 0.10232E-01
 0.10153E-01
 0.10158E-01
 0.10080E-01
 0.10080E-01
 0.10076E-01
 0.10000E-01
 0.10000E-01
 0.10000E-01
 0.10000E-01
 0.10000E-01
 0.10000E-01
 0.10000E-01
 0.10000E-01
 0.10000E-01
 0.10000E-01
 0.10000E-01
 0.10000E-01
 0.10000E-01
 0.59600E-01
 0.61174E-01
 0.62514E-01
 0.63940E-01
 0.65425E-01
 0.67142E-01
 0.68582E-01
 0.69870E-01
 0.70934E-01
 0.72012E-01
 0.73311E-01
 0.74533E-01
 0.75835E-01
 0.77220E-01
 0.78695E-01
 0.80177E-01
 0.81711E-01
 0.83320E-01
 0.84720E-01
 0.86027E-01
 0.87258E-01
 0.88418E-01
 0.89443E-01
 0.90384E-01
 0.91236E-01
 0.92039E-01
 0.92763E-01
 0.93523E-01
 0.94282E-01
 0.94950E-01
 0.95547E-01
 0.96106E-01
 0.96697E-01
 0.97321E-01
 0.98026E-01
 0.98748E-01
 0.99408E-01
 0.10010E+00
 0.10085E+00
 0.10161E+00
 0.10238E+00
 0.10316E+00
 0.10397E+00
 0.10483E+00
 0.10576E+00
 0.10665E+00
 0.10756E+00
 0.10838E+00
 0.10923E+00
 0.11003E+00
 0.11075E+00
 0.11132E+00
 0.11192E+00
 0.11267E+00
 0.11344E+00
 0.11423E+00
 0.11502E+00
 0.11579E+00
 0.11656E+00
 0.11734E+00
 0.11811E+00
 0.11889E+00
 0.11956E+00
 0.12028E+00
 0.12095E+00
 0.12155E+00
 0.12219E+00
 0.12293E+00
 0.12386E+00
 0.12495E+00
 0.12616E+00
 0.12750E+00
 0.12911E+00
 0.13099E+00
 0.13343E+00
 0.13634E+00
 0.13890E+00
 0.14134E+00
 0.14145E+00
 0.13949E+00
 0.13122E+00
 0.11802E+00
 0.97034E-01
 0.67626E-01
 0.41510E-01
 0.28488E-01
 0.20168E-01
 0.15974E-01
 0.14165E-01
 0.12838E-01
 0.12194E-01
 0.11683E-01
 0.10760E-01
 0.10456E-01
 0.10146E-01
 0.10148E-01
 0.10231E-01
 0.10232E-01
 0.10232E-01
 0.10231E-01
 0.10153E-01
 0.10157E-01
 0.10079E-01
 0.10080E-01
 0.10076E-01
 0.10000E-01
 0.10000E-01
 0.10000E-01
 0.10000E-01
 0.10000E-01
 0.10000E-01
 0.10000E-01
 0.10000E-01
 0.10000E-01
 0.10000E-01
 0.10000E-01
 0.10000E-01
 0.10000E-01
 0.59600E-01
 0.61121E-01
 0.62442E-01
 0.63855E-01
 0.65332E-01
 0.67033E-01
 0.68444E-01
 0.69705E-01
 0.70749E-01
 0.71810E-01
 0.73089E-01
 0.74299E-01
 0.75589E-01
 0.76963E-01
 0.78426E-01
 0.79898E-01
 0.81422E-01
 0.83021E-01
 0.84412E-01
 0.85709E-01
 0.86930E-01
 0.88078E-01
 0.89092E-01
 0.90023E-01
 0.90866E-01
 0.91660E-01
 0.92377E-01
 0.93129E-01
 0.93880E-01
 0.94541E-01
 0.95130E-01
 0.95684E-01
 0.96270E-01
 0.96890E-01
 0.97587E-01
 0.98301E-01
 0.98954E-01
 0.99639E-01
 0.10038E+00
 0.10113E+00
 0.10190E+00
 0.10267E+00
 0.10347E+00
 0.10432E+00
 0.10524E+00
 0.10613E+00
 0.10703E+00
 0.10784E+00
 0.10869E+00
 0.10948E+00
 0.11020E+00
 0.11076E+00
 0.11136E+00
 0.11210E+00
 0.11286E+00
 0.11364E+00
 0.11442E+00
 0.11518E+00
 0.11594E+00
 0.11671E+00
 0.11747E+00
 0.11824E+00
 0.11891E+00
 0.11962E+00
 0.12027E+00
 0.12094E+00
 0.12149E+00
 0.12223E+00
 0.12315E+00
 0.12423E+00
 0.12544E+00
 0.12687E+00
 0.12841E+00
 0.13031E+00
 0.13284E+00
 0.13567E+00
 0.13840E+00
 0.14078E+00
 0.14149E+00
 0.14004E+00
 0.13261E+00
 0.12028E+00
 0.10002E+00
 0.70812E-01
 0.43858E-01
 0.30005E-01
 0.20692E-01
 0.16277E-01
 0.14316E-01
 0.12917E-01
 0.12273E-01
 0.11682E-01
 0.10838E-01
 0.10534E-01
 0.10145E-01
 0.10147E-01
 0.10230E-01
 0.10232E-01
 0.10232E-01
 0.10231E-01
 0.10153E-01
 0.10157E-01
 0.10079E-01
 0.10079E-01
 0.10076E-01
 0.10000E-01
 0.10000E-01
 0.10000E-01
 0.10000E-01
 0.10000E-01
 0.10000E-01
 0.10000E-01
 0.10000E-01
 0.10000E-01
 0.10000E-01
 0.10000E-01
 0.10000E-01
 0.10000E-01
 0.59600E-01
 0.61073E-01
 0.62375E-01
 0.63772E-01
 0.65242E-01
 0.66921E-01
 0.68304E-01
 0.69544E-01
 0.70572E-01
 0.71619E-01
 0.72883E-01
 0.74085E-01
 0.75365E-01
 0.76725E-01
 0.78173E-01
 0.79633E-01
 0.81146E-01
 0.82734E-01
 0.84114E-01
 0.85401E-01
 0.86611E-01
 0.87749E-01
 0.88753E-01
 0.89675E-01
 0.90509E-01
 0.91294E-01
 0.92004E-01
 0.92748E-01
 0.93491E-01
 0.94144E-01
 0.94727E-01
 0.95275E-01
 0.95855E-01
 0.96468E-01
 0.97158E-01
 0.97864E-01
 0.98510E-01
 0.99188E-01
 0.99921E-01
 0.10067E+00
 0.10142E+00
 0.10219E+00
 0.10298E+00
 0.10383E+00
 0.10474E+00
 0.10562E+00
 0.10651E+00
 0.10731E+00
 0.10816E+00
 0.10894E+00
 0.10966E+00
 0.11022E+00
 0.11081E+00
 0.11154E+00
 0.11230E+00
 0.11307E+00
 0.11384E+00
 0.11458E+00
 0.11533E+00
 0.11610E+00
 0.11685E+00
 0.11761E+00
 0.11835E+00
 0.11897E+00
 0.11962E+00
 0.12028E+00
 0.12082E+00
 0.12155E+00
 0.12254E+00
 0.12362E+00
 0.12484E+00
 0.12628E+00
 0.12784E+00
 0.12975E+00
 0.13221E+00
 0.13513E+00
 0.13803E+00
 0.14034E+00
 0.14154E+00
 0.14066E+00
 0.13360E+00
 0.12276E+00
 0.10221E+00
 0.73186E-01
 0.46185E-01
 0.30883E-01
 0.21605E-01
 0.16495E-01
 0.14459E-01
 0.13144E-01
 0.12344E-01
 0.11680E-01
 0.10837E-01
 0.10534E-01
 0.10145E-01
 0.10147E-01
 0.10230E-01
 0.10232E-01
 0.10232E-01
 0.10231E-01
 0.10153E-01
 0.10157E-01
 0.10079E-01
 0.10079E-01
 0.10076E-01
 0.10000E-01
 0.10000E-01
 0.10000E-01
 0.10000E-01
 0.10000E-01
 0.10000E-01
 0.10000E-01
 0.10000E-01
 0.10000E-01
 0.10000E-01
 0.10000E-01
 0.10000E-01
 0.10000E-01
 0.59600E-01
 0.61036E-01
 0.62308E-01
 0.63686E-01
 0.65146E-01
 0.66805E-01
 0.68165E-01
 0.69385E-01
 0.70397E-01
 0.71431E-01
 0.72683E-01
 0.73877E-01
 0.75147E-01
 0.76494E-01
 0.77930E-01
 0.79380E-01
 0.80884E-01
 0.82462E-01
 0.83835E-01
 0.85113E-01
 0.86314E-01
 0.87441E-01
 0.88436E-01
 0.89349E-01
 0.90174E-01
 0.90952E-01
 0.91654E-01
 0.92391E-01
 0.93127E-01
 0.93774E-01
 0.94351E-01
 0.94894E-01
 0.95469E-01
 0.96076E-01
 0.96760E-01
 0.97458E-01
 0.98097E-01
 0.98766E-01
 0.99493E-01
 0.10023E+00
 0.10098E+00
 0.10173E+00
 0.10252E+00
 0.10336E+00
 0.10427E+00
 0.10514E+00
 0.10602E+00
 0.10682E+00
 0.10766E+00
 0.10844E+00
 0.10916E+00
 0.10971E+00
 0.11029E+00
 0.11102E+00
 0.11177E+00
 0.11253E+00
 0.11330E+00
 0.11403E+00
 0.11477E+00
 0.11553E+00
 0.11628E+00
 0.11703E+00
 0.11776E+00
 0.11837E+00
 0.11901E+00
 0.11966E+00
 0.12028E+00
 0.12092E+00
 0.12191E+00
 0.12298E+00
 0.12420E+00
 0.12565E+00
 0.12730E+00
 0.12922E+00
 0.13161E+00
 0.13453E+00
 0.13744E+00
 0.13993E+00
 0.14162E+00
 0.14063E+00
 0.13464E+00
 0.12478E+00
 0.10533E+00
 0.76606E-01
 0.49232E-01
 0.31778E-01
 0.22213E-01
 0.16876E-01
 0.14532E-01
 0.13140E-01
 0.12341E-01
 0.11679E-01
 0.10836E-01
 0.10533E-01
 0.10145E-01
 0.10147E-01
 0.10230E-01
 0.10232E-01
 0.10232E-01
 0.10231E-01
 0.10153E-01
 0.10157E-01
 0.10079E-01
 0.10079E-01
 0.10076E-01
 0.10000E-01
 0.10000E-01
 0.10000E-01
 0.10000E-01
 0.10000E-01
 0.10000E-01
 0.10000E-01
 0.10000E-01
 0.10000E-01
 0.10000E-01
 0.10000E-01
 0.10000E-01
 0.10000E-01
 0.59600E-01
 0.60994E-01
 0.62244E-01
 0.63626E-01
 0.65082E-01
 0.66729E-01
 0.68067E-01
 0.69266E-01
 0.70252E-01
 0.71271E-01
 0.72507E-01
 0.73693E-01
 0.74950E-01
 0.76282E-01
 0.77703E-01
 0.79141E-01
 0.80633E-01
 0.82200E-01
 0.83561E-01
 0.84829E-01
 0.86020E-01
 0.87138E-01
 0.88124E-01
 0.89028E-01
 0.89845E-01
 0.90614E-01
 0.91309E-01
 0.92038E-01
 0.92766E-01
 0.93406E-01
 0.93977E-01
 0.94514E-01
 0.95081E-01
 0.95683E-01
 0.96359E-01
 0.97051E-01
 0.97682E-01
 0.98345E-01
 0.99066E-01
 0.99798E-01
 0.10054E+00
 0.10129E+00
 0.10207E+00
 0.10291E+00
 0.10382E+00
 0.10468E+00
 0.10556E+00
 0.10635E+00
 0.10718E+00
 0.10796E+00
 0.10867E+00
 0.10921E+00
 0.10979E+00
 0.11051E+00
 0.11125E+00
 0.11200E+00
 0.11276E+00
 0.11349E+00
 0.11422E+00
 0.11497E+00
 0.11572E+00
 0.11646E+00
 0.11719E+00
 0.11780E+00
 0.11843E+00
 0.11907E+00
 0.11967E+00
 0.12039E+00
 0.12137E+00
 0.12236E+00
 0.12358E+00
 0.12505E+00
 0.12671E+00
 0.12873E+00
 0.13105E+00
 0.13399E+00
 0.13700E+00
 0.13960E+00
 0.14155E+00
 0.14074E+00
 0.13510E+00
 0.12539E+00
 0.10720E+00
 0.79660E-01
 0.50877E-01
 0.32911E-01
 0.22817E-01
 0.17020E-01
 0.14760E-01
 0.13212E-01
 0.12416E-01
 0.11836E-01
 0.10914E-01
 0.10532E-01
 0.10224E-01
 0.10147E-01
 0.10230E-01
 0.10232E-01
 0.10232E-01
 0.10231E-01
 0.10153E-01
 0.10157E-01
 0.10079E-01
 0.10079E-01
 0.10076E-01
 0.10000E-01
 0.10000E-01
 0.10000E-01
 0.10000E-01
 0.10000E-01
 0.10000E-01
 0.10000E-01
 0.10000E-01
 0.10000E-01
 0.10000E-01
 0.10000E-01
 0.10000E-01
 0.10000E-01
 0.59600E-01
 0.60963E-01
 0.62187E-01
 0.63554E-01
 0.64999E-01
 0.66632E-01
 0.67959E-01
 0.69152E-01
 0.70126E-01
 0.71129E-01
 0.72355E-01
 0.73533E-01
 0.74778E-01
 0.76095E-01
 0.77496E-01
 0.78918E-01
 0.80396E-01
 0.81951E-01
 0.83301E-01
 0.84559E-01
 0.85741E-01
 0.86850E-01
 0.87827E-01
 0.88723E-01
 0.89533E-01
 0.90295E-01
 0.90983E-01
 0.91705E-01
 0.92425E-01
 0.93056E-01
 0.93621E-01
 0.94151E-01
 0.94712E-01
 0.95308E-01
 0.95977E-01
 0.96662E-01
 0.97287E-01
 0.97946E-01
 0.98661E-01
 0.99388E-01
 0.10013E+00
 0.10087E+00
 0.10165E+00
 0.10248E+00
 0.10338E+00
 0.10424E+00
 0.10511E+00
 0.10589E+00
 0.10673E+00
 0.10750E+00
 0.10820E+00
 0.10875E+00
 0.10932E+00
 0.11003E+00
 0.11076E+00
 0.11151E+00
 0.11226E+00
 0.11298E+00
 0.11371E+00
 0.11445E+00
 0.11519E+00
 0.11593E+00
 0.11664E+00
 0.11725E+00
 0.11787E+00
 0.11851E+00
 0.11910E+00
 0.11982E+00
 0.12079E+00
 0.12178E+00
 0.12299E+00
 0.12453E+00
 0.12628E+00
 0.12823E+00
 0.13051E+00
 0.13346E+00
 0.13656E+00
 0.13925E+00
 0.14138E+00
 0.14077E+00
 0.13627E+00
 0.12719E+00
 0.10939E+00
 0.82478E-01
 0.52125E-01
 0.34275E-01
 0.23499E-01
 0.17247E-01
 0.14833E-01
 0.13208E-01
 0.12413E-01
 0.11911E-01
 0.10991E-01
 0.10610E-01
 0.10223E-01
 0.10147E-01
 0.10230E-01
 0.10232E-01
 0.10232E-01
 0.10231E-01
 0.10152E-01
 0.10156E-01
 0.10078E-01
 0.10079E-01
 0.10076E-01
 0.10000E-01
 0.10000E-01
 0.10000E-01
 0.10000E-01
 0.10000E-01
 0.10000E-01
 0.10000E-01
 0.10000E-01
 0.10000E-01
 0.10000E-01
 0.10000E-01
 0.10000E-01
 0.10000E-01
 0.59600E-01
 0.60922E-01
 0.62133E-01
 0.63489E-01
 0.64926E-01
 0.66570E-01
 0.67900E-01
 0.69089E-01
 0.70037E-01
 0.71011E-01
 0.72208E-01
 0.73363E-01
 0.74592E-01
 0.75894E-01
 0.77281E-01
 0.78691E-01
 0.80157E-01
 0.81699E-01
 0.83039E-01
 0.84287E-01
 0.85460E-01
 0.86561E-01
 0.87530E-01
 0.88418E-01
 0.89219E-01
 0.89975E-01
 0.90656E-01
 0.91370E-01
 0.92082E-01
 0.92704E-01
 0.93262E-01
 0.93787E-01
 0.94344E-01
 0.94934E-01
 0.95597E-01
 0.96277E-01
 0.96897E-01
 0.97553E-01
 0.98265E-01
 0.98988E-01
 0.99720E-01
 0.10046E+00
 0.10123E+00
 0.10206E+00
 0.10297E+00
 0.10382E+00
 0.10468E+00
 0.10547E+00
 0.10630E+00
 0.10707E+00
 0.10777E+00
 0.10831E+00
 0.10888E+00
 0.10958E+00
 0.11031E+00
 0.11105E+00
 0.11179E+00
 0.11250E+00
 0.11322E+00
 0.11396E+00
 0.11469E+00
 0.11542E+00
 0.11613E+00
 0.11681E+00
 0.11734E+00
 0.11797E+00
 0.11855E+00
 0.11926E+00
 0.12023E+00
 0.12129E+00
 0.12249E+00
 0.12404E+00
 0.12572E+00
 0.12768E+00
 0.12997E+00
 0.13294E+00
 0.13622E+00
 0.13894E+00
 0.14094E+00
 0.14067E+00
 0.13683E+00
 0.12850E+00
 0.11133E+00
 0.85135E-01
 0.53766E-01
 0.34860E-01
 0.23951E-01
 0.17549E-01
 0.15219E-01
 0.13286E-01
 0.12410E-01
 0.11908E-01
 0.10990E-01
 0.10609E-01
 0.10301E-01
 0.10146E-01
 0.10229E-01
 0.10232E-01
 0.10231E-01
 0.10230E-01
 0.10152E-01
 0.10156E-01
 0.10078E-01
 0.10078E-01
 0.10076E-01
 0.10000E-01
 0.10000E-01
 0.10000E-01
 0.10000E-01
 0.10000E-01
 0.10000E-01
 0.10000E-01
 0.10000E-01
 0.10000E-01
 0.10000E-01
 0.10000E-01
 0.10000E-01
 0.10000E-01
 0.59600E-01
 0.60886E-01
 0.62109E-01
 0.63517E-01
 0.64925E-01
 0.66591E-01
 0.67910E-01
 0.69071E-01
 0.69971E-01
 0.70899E-01
 0.72063E-01
 0.73192E-01
 0.74398E-01
 0.75685E-01
 0.77060E-01
 0.78459E-01
 0.79915E-01
 0.81446E-01
 0.82776E-01
 0.84016E-01
 0.85179E-01
 0.86270E-01
 0.87232E-01
 0.88112E-01
 0.88907E-01
 0.89654E-01
 0.90330E-01
 0.91038E-01
 0.91740E-01
 0.92359E-01
 0.92910E-01
 0.93428E-01
 0.93979E-01
 0.94562E-01
 0.95217E-01
 0.95893E-01
 0.96507E-01
 0.97159E-01
 0.97871E-01
 0.98590E-01
 0.99315E-01
 0.10005E+00
 0.10082E+00
 0.10164E+00
 0.10255E+00
 0.10340E+00
 0.10426E+00
 0.10504E+00
 0.10587E+00
 0.10663E+00
 0.10733E+00
 0.10786E+00
 0.10843E+00
 0.10913E+00
 0.10985E+00
 0.11058E+00
 0.11132E+00
 0.11203E+00
 0.11274E+00
 0.11347E+00
 0.11420E+00
 0.11493E+00
 0.11563E+00
 0.11630E+00
 0.11683E+00
 0.11745E+00
 0.11803E+00
 0.11873E+00
 0.11971E+00
 0.12077E+00
 0.12198E+00
 0.12352E+00
 0.12529E+00
 0.12726E+00
 0.12957E+00
 0.13265E+00
 0.13587E+00
 0.13854E+00
 0.14078E+00
 0.14110E+00
 0.13738E+00
 0.12908E+00
 0.11315E+00
 0.87352E-01
 0.55119E-01
 0.35684E-01
 0.24402E-01
 0.17852E-01
 0.15212E-01
 0.13282E-01
 0.12407E-01
 0.11906E-01
 0.10989E-01
 0.10608E-01
 0.10300E-01
 0.10146E-01
 0.10229E-01
 0.10232E-01
 0.10231E-01
 0.10230E-01
 0.10152E-01
 0.10156E-01
 0.10078E-01
 0.10078E-01
 0.10076E-01
 0.10000E-01
 0.10000E-01
 0.10000E-01
 0.10000E-01
 0.10000E-01
 0.10000E-01
 0.10000E-01
 0.10000E-01
 0.10000E-01
 0.10000E-01
 0.10000E-01
 0.10000E-01
 0.10000E-01
 0.59600E-01
 0.60853E-01
 0.62072E-01
 0.63498E-01
 0.64918E-01
 0.66598E-01
 0.67907E-01
 0.69041E-01
 0.69895E-01
 0.70783E-01
 0.71916E-01
 0.73024E-01
 0.74215E-01
 0.75493E-01
 0.76858E-01
 0.78248E-01
 0.79692E-01
 0.81212E-01
 0.82534E-01
 0.83764E-01
 0.84918E-01
 0.86003E-01
 0.86955E-01
 0.87824E-01
 0.88612E-01
 0.89354E-01
 0.90023E-01
 0.90725E-01
 0.91425E-01
 0.92039E-01
 0.92584E-01
 0.93099E-01
 0.93641E-01
 0.94224E-01
 0.94874E-01
 0.95549E-01
 0.96155E-01
 0.96801E-01
 0.97507E-01
 0.98223E-01
 0.98947E-01
 0.99678E-01
 0.10044E+00
 0.10127E+00
 0.10216E+00
 0.10301E+00
 0.10386E+00
 0.10464E+00
 0.10546E+00
 0.10622E+00
 0.10691E+00
 0.10745E+00
 0.10801E+00
 0.10870E+00
 0.10941E+00
 0.11014E+00
 0.11087E+00
 0.11158E+00
 0.11229E+00
 0.11301E+00
 0.11373E+00
 0.11446E+00
 0.11515E+00
 0.11582E+00
 0.11635E+00
 0.11696E+00
 0.11753E+00
 0.11823E+00
 0.11920E+00
 0.12026E+00
 0.12146E+00
 0.12299E+00
 0.12484E+00
 0.12682E+00
 0.12914E+00
 0.13222E+00
 0.13539E+00
 0.13822E+00
 0.14086E+00
 0.14113E+00
 0.13817E+00
 0.13081E+00
 0.11548E+00
 0.90237E-01
 0.57467E-01
 0.37210E-01
 0.25166E-01
 0.18392E-01
 0.15206E-01
 0.13359E-01
 0.12490E-01
 0.11904E-01
 0.11066E-01
 0.10607E-01
 0.10300E-01
 0.10225E-01
 0.10229E-01
 0.10231E-01
 0.10231E-01
 0.10230E-01
 0.10151E-01
 0.10155E-01
 0.10078E-01
 0.10078E-01
 0.10076E-01
 0.10000E-01
 0.10000E-01
 0.10000E-01
 0.10000E-01
 0.10000E-01
 0.10000E-01
 0.10000E-01
 0.10000E-01
 0.10000E-01
 0.10000E-01
 0.10000E-01
 0.10000E-01
 0.10000E-01
 0.59600E-01
 0.60825E-01
 0.62038E-01
 0.63464E-01
 0.64907E-01
 0.66610E-01
 0.67915E-01
 0.69029E-01
 0.69841E-01
 0.70682E-01
 0.71785E-01
 0.72870E-01
 0.74044E-01
 0.75310E-01
 0.76664E-01
 0.78044E-01
 0.79480E-01
 0.80985E-01
 0.82298E-01
 0.83520E-01
 0.84666E-01
 0.85738E-01
 0.86686E-01
 0.87544E-01
 0.88326E-01
 0.89062E-01
 0.89723E-01
 0.90419E-01
 0.91111E-01
 0.91721E-01
 0.92264E-01
 0.92767E-01
 0.93304E-01
 0.93882E-01
 0.94531E-01
 0.95198E-01
 0.95801E-01
 0.96445E-01
 0.97148E-01
 0.97862E-01
 0.98582E-01
 0.99312E-01
 0.10008E+00
 0.10089E+00
 0.10179E+00
 0.10264E+00
 0.10348E+00
 0.10426E+00
 0.10508E+00
 0.10583E+00
 0.10652E+00
 0.10705E+00
 0.10761E+00
 0.10830E+00
 0.10900E+00
 0.10972E+00
 0.11045E+00
 0.11115E+00
 0.11185E+00
 0.11257E+00
 0.11329E+00
 0.11401E+00
 0.11470E+00
 0.11536E+00
 0.11588E+00
 0.11648E+00
 0.11705E+00
 0.11782E+00
 0.11871E+00
 0.11976E+00
 0.12095E+00
 0.12249E+00
 0.12434E+00
 0.12631E+00
 0.12870E+00
 0.13171E+00
 0.13496E+00
 0.13774E+00
 0.14041E+00
 0.14097E+00
 0.13880E+00
 0.13217E+00
 0.11807E+00
 0.93585E-01
 0.60190E-01
 0.38495E-01
 0.25693E-01
 0.18698E-01
 0.15202E-01
 0.13434E-01
 0.12488E-01
 0.11902E-01
 0.11223E-01
 0.10686E-01
 0.10300E-01
 0.10224E-01
 0.10229E-01
 0.10231E-01
 0.10231E-01
 0.10230E-01
 0.10151E-01
 0.10155E-01
 0.10077E-01
 0.10078E-01
 0.10076E-01
 0.10000E-01
 0.10000E-01
 0.10000E-01
 0.10000E-01
 0.10000E-01
 0.10000E-01
 0.10000E-01
 0.10000E-01
 0.10000E-01
 0.10000E-01
 0.10000E-01
 0.10000E-01
 0.10000E-01
 0.59600E-01
 0.60798E-01
 0.62019E-01
 0.63456E-01
 0.64933E-01
 0.66661E-01
 0.67958E-01
 0.69045E-01
 0.69799E-01
 0.70590E-01
 0.71659E-01
 0.72723E-01
 0.73879E-01
 0.75126E-01
 0.76465E-01
 0.77833E-01
 0.79259E-01
 0.80757E-01
 0.82059E-01
 0.83269E-01
 0.84410E-01
 0.85473E-01
 0.86413E-01
 0.87264E-01
 0.88041E-01
 0.88772E-01
 0.89430E-01
 0.90119E-01
 0.90807E-01
 0.91417E-01
 0.91951E-01
 0.92450E-01
 0.92985E-01
 0.93559E-01
 0.94205E-01
 0.94871E-01
 0.95470E-01
 0.96111E-01
 0.96810E-01
 0.97520E-01
 0.98240E-01
 0.98970E-01
 0.99735E-01
 0.10055E+00
 0.10145E+00
 0.10229E+00
 0.10313E+00
 0.10390E+00
 0.10471E+00
 0.10546E+00
 0.10614E+00
 0.10667E+00
 0.10723E+00
 0.10791E+00
 0.10861E+00
 0.10932E+00
 0.11004E+00
 0.11073E+00
 0.11143E+00
 0.11215E+00
 0.11287E+00
 0.11358E+00
 0.11427E+00
 0.11492E+00
 0.11543E+00
 0.11603E+00
 0.11658E+00
 0.11734E+00
 0.11821E+00
 0.11926E+00
 0.12045E+00
 0.12199E+00
 0.12385E+00
 0.12606E+00
 0.12823E+00
 0.13124E+00
 0.13451E+00
 0.13738E+00
 0.14032E+00
 0.14106E+00
 0.13916E+00
 0.13234E+00
 0.11965E+00
 0.96108E-01
 0.62008E-01
 0.39475E-01
 0.26224E-01
 0.18847E-01
 0.15354E-01
 0.13434E-01
 0.12567E-01
 0.11983E-01
 0.11225E-01
 0.10688E-01
 0.10301E-01
 0.10224E-01
 0.10229E-01
 0.10231E-01
 0.10231E-01
 0.10230E-01
 0.10151E-01
 0.10155E-01
 0.10078E-01
 0.10078E-01
 0.10076E-01
 0.10000E-01
 0.10000E-01
 0.10000E-01
 0.10000E-01
 0.10000E-01
 0.10000E-01
 0.10000E-01
 0.10000E-01
 0.10000E-01
 0.10000E-01
 0.10000E-01
 0.10000E-01
 0.10000E-01
 0.59600E-01
 0.60776E-01
 0.62003E-01
 0.63469E-01
 0.64967E-01
 0.66705E-01
 0.68002E-01
 0.69063E-01
 0.69765E-01
 0.70508E-01
 0.71543E-01
 0.72587E-01
 0.73730E-01
 0.74957E-01
 0.76279E-01
 0.77635E-01
 0.79050E-01
 0.80540E-01
 0.81833E-01
 0.83036E-01
 0.84166E-01
 0.85220E-01
 0.86153E-01
 0.87005E-01
 0.87776E-01
 0.88496E-01
 0.89150E-01
 0.89834E-01
 0.90514E-01
 0.91120E-01
 0.91644E-01
 0.92138E-01
 0.92671E-01
 0.93242E-01
 0.93885E-01
 0.94547E-01
 0.95148E-01
 0.95781E-01
 0.96482E-01
 0.97188E-01
 0.97907E-01
 0.98634E-01
 0.99399E-01
 0.10021E+00
 0.10111E+00
 0.10195E+00
 0.10279E+00
 0.10355E+00
 0.10437E+00
 0.10511E+00
 0.10578E+00
 0.10631E+00
 0.10686E+00
 0.10754E+00
 0.10824E+00
 0.10895E+00
 0.10966E+00
 0.11035E+00
 0.11104E+00
 0.11175E+00
 0.11246E+00
 0.11317E+00
 0.11386E+00
 0.11451E+00
 0.11502E+00
 0.11561E+00
 0.11616E+00
 0.11692E+00
 0.11779E+00
 0.11884E+00
 0.12003E+00
 0.12156E+00
 0.12341E+00
 0.12568E+00
 0.12777E+00
 0.13077E+00
 0.13404E+00
 0.13700E+00
 0.14027E+00
 0.14097E+00
 0.13937E+00
 0.13321E+00
 0.12183E+00
 0.98995E-01
 0.63882E-01
 0.40533E-01
 0.26838E-01
 0.19316E-01
 0.15592E-01
 0.13673E-01
 0.12565E-01
 0.11981E-01
 0.11224E-01
 0.10688E-01
 0.10301E-01
 0.10224E-01
 0.10229E-01
 0.10231E-01
 0.10231E-01
 0.10230E-01
 0.10151E-01
 0.10155E-01
 0.10078E-01
 0.10078E-01
 0.10076E-01
 0.10000E-01
 0.10000E-01
 0.10000E-01
 0.10000E-01
 0.10000E-01
 0.10000E-01
 0.10000E-01
 0.10000E-01
 0.10000E-01
 0.10000E-01
 0.10000E-01
 0.10000E-01
 0.10000E-01
 0.59600E-01
 0.60778E-01
 0.61997E-01
 0.63478E-01
 0.64990E-01
 0.66754E-01
 0.68029E-01
 0.69070E-01
 0.69721E-01
 0.70426E-01
 0.71428E-01
 0.72451E-01
 0.73575E-01
 0.74784E-01
 0.76099E-01
 0.77445E-01
 0.78853E-01
 0.80330E-01
 0.81617E-01
 0.82812E-01
 0.83936E-01
 0.84983E-01
 0.85910E-01
 0.86761E-01
 0.87526E-01
 0.88246E-01
 0.88894E-01
 0.89572E-01
 0.90246E-01
 0.90847E-01
 0.91370E-01
 0.91855E-01
 0.92382E-01
 0.92949E-01
 0.93598E-01
 0.94250E-01
 0.94847E-01
 0.95477E-01
 0.96175E-01
 0.96878E-01
 0.97596E-01
 0.98322E-01
 0.99085E-01
 0.99897E-01
 0.10079E+00
 0.10163E+00
 0.10246E+00
 0.10330E+00
 0.10403E+00
 0.10477E+00
 0.10545E+00
 0.10597E+00
 0.10652E+00
 0.10719E+00
 0.10789E+00
 0.10859E+00
 0.10930E+00
 0.10998E+00
 0.11067E+00
 0.11138E+00
 0.11209E+00
 0.11279E+00
 0.11347E+00
 0.11412E+00
 0.11462E+00
 0.11520E+00
 0.11575E+00
 0.11650E+00
 0.11745E+00
 0.11841E+00
 0.11960E+00
 0.12114E+00
 0.12299E+00
 0.12526E+00
 0.12742E+00
 0.13034E+00
 0.13361E+00
 0.13667E+00
 0.13996E+00
 0.14093E+00
 0.13969E+00
 0.13397E+00
 0.12326E+00
 0.10088E+00
 0.65216E-01
 0.41588E-01
 0.27287E-01
 0.19934E-01
 0.15902E-01
 0.13830E-01
 0.12645E-01
 0.12059E-01
 0.11224E-01
 0.10688E-01
 0.10301E-01
 0.10224E-01
 0.10228E-01
 0.10231E-01
 0.10231E-01
 0.10230E-01
 0.10151E-01
 0.10155E-01
 0.10077E-01
 0.10078E-01
 0.10076E-01
 0.10000E-01
 0.10000E-01
 0.10000E-01
 0.10000E-01
 0.10000E-01
 0.10000E-01
 0.10000E-01
 0.10000E-01
 0.10000E-01
 0.10000E-01
 0.10000E-01
 0.10000E-01
 0.10000E-01
 0.59600E-01
 0.60748E-01
 0.61974E-01
 0.63514E-01
 0.65050E-01
 0.66793E-01
 0.68053E-01
 0.69056E-01
 0.69667E-01
 0.70327E-01
 0.71313E-01
 0.72311E-01
 0.73425E-01
 0.74624E-01
 0.75932E-01
 0.77269E-01
 0.78663E-01
 0.80134E-01
 0.81412E-01
 0.82598E-01
 0.83713E-01
 0.84757E-01
 0.85677E-01
 0.86526E-01
 0.87286E-01
 0.88001E-01
 0.88645E-01
 0.89316E-01
 0.89991E-01
 0.90584E-01
 0.91100E-01
 0.91581E-01
 0.92106E-01
 0.92669E-01
 0.93318E-01
 0.93967E-01
 0.94558E-01
 0.95186E-01
 0.95879E-01
 0.96583E-01
 0.97299E-01
 0.98023E-01
 0.98784E-01
 0.99592E-01
 0.10049E+00
 0.10132E+00
 0.10215E+00
 0.10298E+00
 0.10371E+00
 0.10445E+00
 0.10512E+00
 0.10565E+00
 0.10619E+00
 0.10686E+00
 0.10755E+00
 0.10825E+00
 0.10895E+00
 0.10963E+00
 0.11032E+00
 0.11102E+00
 0.11172E+00
 0.11242E+00
 0.11309E+00
 0.11374E+00
 0.11423E+00
 0.11481E+00
 0.11536E+00
 0.11611E+00
 0.11705E+00
 0.11808E+00
 0.11918E+00
 0.12072E+00
 0.12258E+00
 0.12485E+00
 0.12702E+00
 0.12995E+00
 0.13323E+00
 0.13630E+00
 0.13985E+00
 0.14078E+00
 0.13974E+00
 0.13445E+00
 0.12418E+00
 0.10232E+00
 0.66711E-01
 0.42097E-01
 0.27738E-01
 0.20475E-01
 0.16211E-01
 0.13985E-01
 0.12644E-01
 0.12059E-01
 0.11223E-01
 0.10765E-01
 0.10379E-01
 0.10224E-01
 0.10228E-01
 0.10231E-01
 0.10231E-01
 0.10230E-01
 0.10151E-01
 0.10155E-01
 0.10077E-01
 0.10078E-01
 0.10076E-01
 0.10000E-01
 0.10000E-01
 0.10000E-01
 0.10000E-01
 0.10000E-01
 0.10000E-01
 0.10000E-01
 0.10000E-01
 0.10000E-01
 0.10000E-01
 0.10000E-01
 0.10000E-01
 0.10000E-01
 0.59600E-01
 0.60718E-01
 0.61950E-01
 0.63512E-01
 0.65060E-01
 0.66807E-01
 0.68052E-01
 0.69024E-01
 0.69598E-01
 0.70225E-01
 0.71191E-01
 0.72183E-01
 0.73288E-01
 0.74482E-01
 0.75770E-01
 0.77094E-01
 0.78484E-01
 0.79947E-01
 0.81217E-01
 0.82396E-01
 0.83502E-01
 0.84544E-01
 0.85457E-01
 0.86302E-01
 0.87059E-01
 0.87768E-01
 0.88408E-01
 0.89075E-01
 0.89742E-01
 0.90329E-01
 0.90842E-01
 0.91320E-01
 0.91839E-01
 0.92413E-01
 0.93048E-01
 0.93694E-01
 0.94281E-01
 0.94905E-01
 0.95595E-01
 0.96293E-01
 0.97007E-01
 0.97729E-01
 0.98491E-01
 0.99294E-01
 0.10018E+00
 0.10101E+00
 0.10184E+00
 0.10266E+00
 0.10338E+00
 0.10412E+00
 0.10479E+00
 0.10531E+00
 0.10585E+00
 0.10651E+00
 0.10719E+00
 0.10789E+00
 0.10859E+00
 0.10927E+00
 0.10995E+00
 0.11065E+00
 0.11134E+00
 0.11204E+00
 0.11270E+00
 0.11334E+00
 0.11383E+00
 0.11440E+00
 0.11495E+00
 0.11569E+00
 0.11663E+00
 0.11765E+00
 0.11874E+00
 0.12028E+00
 0.12214E+00
 0.12442E+00
 0.12668E+00
 0.12954E+00
 0.13283E+00
 0.13621E+00
 0.13952E+00
 0.14126E+00
 0.14027E+00
 0.13537E+00
 0.12524E+00
 0.10409E+00
 0.68535E-01
 0.42534E-01
 0.28113E-01
 0.20940E-01
 0.16360E-01
 0.14059E-01
 0.12719E-01
 0.12055E-01
 0.11298E-01
 0.10763E-01
 0.10376E-01
 0.10302E-01
 0.10228E-01
 0.10231E-01
 0.10231E-01
 0.10230E-01
 0.10151E-01
 0.10155E-01
 0.10077E-01
 0.10078E-01
 0.10076E-01
 0.10000E-01
 0.10000E-01
 0.10000E-01
 0.10000E-01
 0.10000E-01
 0.10000E-01
 0.10000E-01
 0.10000E-01
 0.10000E-01
 0.10000E-01
 0.10000E-01
 0.10000E-01
 0.10000E-01
 0.59600E-01
 0.60703E-01
 0.61927E-01
 0.63508E-01
 0.65058E-01
 0.66793E-01
 0.68033E-01
 0.68978E-01
 0.69513E-01
 0.70119E-01
 0.71073E-01
 0.72061E-01
 0.73162E-01
 0.74345E-01
 0.75629E-01
 0.76945E-01
 0.78327E-01
 0.79782E-01
 0.81046E-01
 0.82217E-01
 0.83317E-01
 0.84353E-01
 0.85260E-01
 0.86104E-01
 0.86853E-01
 0.87558E-01
 0.88195E-01
 0.88858E-01
 0.89520E-01
 0.90105E-01
 0.90614E-01
 0.91095E-01
 0.91602E-01
 0.92172E-01
 0.92807E-01
 0.93448E-01
 0.94030E-01
 0.94649E-01
 0.95336E-01
 0.96034E-01
 0.96741E-01
 0.97460E-01
 0.98221E-01
 0.99021E-01
 0.99907E-01
 0.10073E+00
 0.10155E+00
 0.10237E+00
 0.10309E+00
 0.10381E+00
 0.10448E+00
 0.10500E+00
 0.10553E+00
 0.10619E+00
 0.10686E+00
 0.10755E+00
 0.10825E+00
 0.10892E+00
 0.10959E+00
 0.11029E+00
 0.11098E+00
 0.11167E+00
 0.11233E+00
 0.11296E+00
 0.11344E+00
 0.11401E+00
 0.11455E+00
 0.11529E+00
 0.11630E+00
 0.11732E+00
 0.11832E+00
 0.11985E+00
 0.12174E+00
 0.12403E+00
 0.12630E+00
 0.12916E+00
 0.13253E+00
 0.13599E+00
 0.13915E+00
 0.14122E+00
 0.14028E+00
 0.13629E+00
 0.12637E+00
 0.10622E+00
 0.70106E-01
 0.43439E-01
 0.28172E-01
 0.21480E-01
 0.16433E-01
 0.14134E-01
 0.12794E-01
 0.12053E-01
 0.11374E-01
 0.10916E-01
 0.10609E-01
 0.10378E-01
 0.10307E-01
 0.10231E-01
 0.10231E-01
 0.10230E-01
 0.10151E-01
 0.10155E-01
 0.10077E-01
 0.10078E-01
 0.10076E-01
 0.10000E-01
 0.10000E-01
 0.10000E-01
 0.10000E-01
 0.10000E-01
 0.10000E-01
 0.10000E-01
 0.10000E-01
 0.10000E-01
 0.10000E-01
 0.10000E-01
 0.10000E-01
 0.10000E-01
 0.59600E-01
 0.60686E-01
 0.61911E-01
 0.63505E-01
 0.65079E-01
 0.66811E-01
 0.68034E-01
 0.68955E-01
 0.69449E-01
 0.70025E-01
 0.70963E-01
 0.71946E-01
 0.73038E-01
 0.74210E-01
 0.75488E-01
 0.76796E-01
 0.78175E-01
 0.79617E-01
 0.80872E-01
 0.82038E-01
 0.83128E-01
 0.84166E-01
 0.85064E-01
 0.85904E-01
 0.86648E-01
 0.87351E-01
 0.87984E-01
 0.88643E-01
 0.89302E-01
 0.89879E-01
 0.90384E-01
 0.90868E-01
 0.91374E-01
 0.91935E-01
 0.92565E-01
 0.93204E-01
 0.93791E-01
 0.94404E-01
 0.95087E-01
 0.95784E-01
 0.96488E-01
 0.97209E-01
 0.97965E-01
 0.98764E-01
 0.99648E-01
 0.10047E+00
 0.10129E+00
 0.10210E+00
 0.10281E+00
 0.10354E+00
 0.10420E+00
 0.10471E+00
 0.10523E+00
 0.10587E+00
 0.10654E+00
 0.10723E+00
 0.10792E+00
 0.10859E+00
 0.10926E+00
 0.10995E+00
 0.11064E+00
 0.11132E+00
 0.11197E+00
 0.11259E+00
 0.11306E+00
 0.11362E+00
 0.11416E+00
 0.11489E+00
 0.11590E+00
 0.11692E+00
 0.11791E+00
 0.11946E+00
 0.12136E+00
 0.12366E+00
 0.12610E+00
 0.12889E+00
 0.13219E+00
 0.13574E+00
 0.13883E+00
 0.14108E+00
 0.14034E+00
 0.13695E+00
 0.12692E+00
 0.10689E+00
 0.70825E-01
 0.44347E-01
 0.28704E-01
 0.21941E-01
 0.16584E-01
 0.14130E-01
 0.12792E-01
 0.12129E-01
 0.11448E-01
 0.10988E-01
 0.10681E-01
 0.10529E-01
 0.10461E-01
 0.10309E-01
 0.10230E-01
 0.10229E-01
 0.10151E-01
 0.10155E-01
 0.10077E-01
 0.10078E-01
 0.10076E-01
 0.10000E-01
 0.10000E-01
 0.10000E-01
 0.10000E-01
 0.10000E-01
 0.10000E-01
 0.10000E-01
 0.10000E-01
 0.10000E-01
 0.10000E-01
 0.10000E-01
 0.10000E-01
 0.10000E-01
 0.59600E-01
 0.60681E-01
 0.61927E-01
 0.63545E-01
 0.65148E-01
 0.66890E-01
 0.68067E-01
 0.68957E-01
 0.69394E-01
 0.69927E-01
 0.70847E-01
 0.71825E-01
 0.72909E-01
 0.74071E-01
 0.75344E-01
 0.76638E-01
 0.78016E-01
 0.79450E-01
 0.80694E-01
 0.81857E-01
 0.82942E-01
 0.83970E-01
 0.84869E-01
 0.85703E-01
 0.86447E-01
 0.87145E-01
 0.87772E-01
 0.88429E-01
 0.89082E-01
 0.89656E-01
 0.90158E-01
 0.90637E-01
 0.91139E-01
 0.91696E-01
 0.92322E-01
 0.92959E-01
 0.93543E-01
 0.94152E-01
 0.94831E-01
 0.95524E-01
 0.96224E-01
 0.96941E-01
 0.97696E-01
 0.98494E-01
 0.99378E-01
 0.10020E+00
 0.10101E+00
 0.10182E+00
 0.10252E+00
 0.10325E+00
 0.10390E+00
 0.10440E+00
 0.10492E+00
 0.10556E+00
 0.10622E+00
 0.10690E+00
 0.10759E+00
 0.10825E+00
 0.10892E+00
 0.10960E+00
 0.11029E+00
 0.11096E+00
 0.11161E+00
 0.11223E+00
 0.11270E+00
 0.11325E+00
 0.11378E+00
 0.11451E+00
 0.11553E+00
 0.11654E+00
 0.11753E+00
 0.11909E+00
 0.12100E+00
 0.12332E+00
 0.12584E+00
 0.12855E+00
 0.13192E+00
 0.13542E+00
 0.13853E+00
 0.14097E+00
 0.14028E+00
 0.13717E+00
 0.12796E+00
 0.10778E+00
 0.72391E-01
 0.45163E-01
 0.29544E-01
 0.22394E-01
 0.16661E-01
 0.14206E-01
 0.12790E-01
 0.12126E-01
 0.11444E-01
 0.10983E-01
 0.10675E-01
 0.10523E-01
 0.10534E-01
 0.10385E-01
 0.10385E-01
 0.10308E-01
 0.10151E-01
 0.10155E-01
 0.10077E-01
 0.10078E-01
 0.10076E-01
 0.10000E-01
 0.10000E-01
 0.10000E-01
 0.10000E-01
 0.10000E-01
 0.10000E-01
 0.10000E-01
 0.10000E-01
 0.10000E-01
 0.10000E-01
 0.10000E-01
 0.10000E-01
 0.10000E-01
 0.59600E-01
 0.60660E-01
 0.61927E-01
 0.63564E-01
 0.65201E-01
 0.66954E-01
 0.68121E-01
 0.68971E-01
 0.69355E-01
 0.69845E-01
 0.70743E-01
 0.71709E-01
 0.72785E-01
 0.73944E-01
 0.75209E-01
 0.76488E-01
 0.77858E-01
 0.79278E-01
 0.80521E-01
 0.81679E-01
 0.82753E-01
 0.83775E-01
 0.84672E-01
 0.85501E-01
 0.86240E-01
 0.86933E-01
 0.87558E-01
 0.88209E-01
 0.88858E-01
 0.89430E-01
 0.89938E-01
 0.90403E-01
 0.90901E-01
 0.91457E-01
 0.92082E-01
 0.92725E-01
 0.93307E-01
 0.93911E-01
 0.94581E-01
 0.95271E-01
 0.95969E-01
 0.96684E-01
 0.97440E-01
 0.98238E-01
 0.99123E-01
 0.99940E-01
 0.10075E+00
 0.10155E+00
 0.10225E+00
 0.10296E+00
 0.10361E+00
 0.10411E+00
 0.10462E+00
 0.10525E+00
 0.10592E+00
 0.10660E+00
 0.10728E+00
 0.10793E+00
 0.10860E+00
 0.10928E+00
 0.10995E+00
 0.11063E+00
 0.11127E+00
 0.11188E+00
 0.11234E+00
 0.11289E+00
 0.11342E+00
 0.11415E+00
 0.11515E+00
 0.11616E+00
 0.11716E+00
 0.11870E+00
 0.12061E+00
 0.12293E+00
 0.12553E+00
 0.12822E+00
 0.13160E+00
 0.13511E+00
 0.13824E+00
 0.14079E+00
 0.14038E+00
 0.13780E+00
 0.12918E+00
 0.10937E+00
 0.74343E-01
 0.46057E-01
 0.29836E-01
 0.22619E-01
 0.16735E-01
 0.14363E-01
 0.13024E-01
 0.12122E-01
 0.11439E-01
 0.11133E-01
 0.10823E-01
 0.10592E-01
 0.10683E-01
 0.10534E-01
 0.10457E-01
 0.10459E-01
 0.10307E-01
 0.10155E-01
 0.10077E-01
 0.10077E-01
 0.10076E-01
 0.10000E-01
 0.10000E-01
 0.10000E-01
 0.10000E-01
 0.10000E-01
 0.10000E-01
 0.10000E-01
 0.10000E-01
 0.10000E-01
 0.10000E-01
 0.10000E-01
 0.10000E-01
 0.10000E-01
 0.59600E-01
 0.60651E-01
 0.61934E-01
 0.63612E-01
 0.65278E-01
 0.67016E-01
 0.68163E-01
 0.68995E-01
 0.69315E-01
 0.69770E-01
 0.70649E-01
 0.71600E-01
 0.72666E-01
 0.73818E-01
 0.75072E-01
 0.76346E-01
 0.77708E-01
 0.79127E-01
 0.80355E-01
 0.81505E-01
 0.82576E-01
 0.83591E-01
 0.84482E-01
 0.85307E-01
 0.86041E-01
 0.86731E-01
 0.87353E-01
 0.88000E-01
 0.88645E-01
 0.89213E-01
 0.89716E-01
 0.90179E-01
 0.90674E-01
 0.91227E-01
 0.91851E-01
 0.92496E-01
 0.93069E-01
 0.93669E-01
 0.94337E-01
 0.95026E-01
 0.95721E-01
 0.96435E-01
 0.97189E-01
 0.97985E-01
 0.98867E-01
 0.99680E-01
 0.10048E+00
 0.10128E+00
 0.10198E+00
 0.10270E+00
 0.10334E+00
 0.10384E+00
 0.10434E+00
 0.10497E+00
 0.10563E+00
 0.10631E+00
 0.10699E+00
 0.10764E+00
 0.10829E+00
 0.10897E+00
 0.10965E+00
 0.11032E+00
 0.11096E+00
 0.11157E+00
 0.11203E+00
 0.11258E+00
 0.11319E+00
 0.11384E+00
 0.11483E+00
 0.11583E+00
 0.11681E+00
 0.11832E+00
 0.12022E+00
 0.12253E+00
 0.12514E+00
 0.12811E+00
 0.13133E+00
 0.13476E+00
 0.13798E+00
 0.14076E+00
 0.14029E+00
 0.13808E+00
 0.13021E+00
 0.11059E+00
 0.76269E-01
 0.47173E-01
 0.31221E-01
 0.22679E-01
 0.16886E-01
 0.14358E-01
 0.13024E-01
 0.12121E-01
 0.11596E-01
 0.11131E-01
 0.10820E-01
 0.10589E-01
 0.10680E-01
 0.10532E-01
 0.10455E-01
 0.10456E-01
 0.10382E-01
 0.10155E-01
 0.10077E-01
 0.10077E-01
 0.10076E-01
 0.10000E-01
 0.10000E-01
 0.10000E-01
 0.10000E-01
 0.10000E-01
 0.10000E-01
 0.10000E-01
 0.10000E-01
 0.10000E-01
 0.10000E-01
 0.10000E-01
 0.10000E-01
 0.10000E-01
 0.59600E-01
 0.60636E-01
 0.61930E-01
 0.63642E-01
 0.65317E-01
 0.67077E-01
 0.68198E-01
 0.69014E-01
 0.69288E-01
 0.69704E-01
 0.70562E-01
 0.71499E-01
 0.72552E-01
 0.73693E-01
 0.74941E-01
 0.76205E-01
 0.77556E-01
 0.78967E-01
 0.80193E-01
 0.81338E-01
 0.82401E-01
 0.83413E-01
 0.84296E-01
 0.85117E-01
 0.85847E-01
 0.86534E-01
 0.87152E-01
 0.87798E-01
 0.88438E-01
 0.89004E-01
 0.89501E-01
 0.89960E-01
 0.90452E-01
 0.91002E-01
 0.91622E-01
 0.92267E-01
 0.92841E-01
 0.93435E-01
 0.94109E-01
 0.94788E-01
 0.95482E-01
 0.96196E-01
 0.96951E-01
 0.97747E-01
 0.98631E-01
 0.99444E-01
 0.10024E+00
 0.10104E+00
 0.10173E+00
 0.10244E+00
 0.10309E+00
 0.10358E+00
 0.10408E+00
 0.10470E+00
 0.10535E+00
 0.10603E+00
 0.10670E+00
 0.10735E+00
 0.10800E+00
 0.10868E+00
 0.10935E+00
 0.11002E+00
 0.11065E+00
 0.11125E+00
 0.11171E+00
 0.11226E+00
 0.11285E+00
 0.11350E+00
 0.11449E+00
 0.11548E+00
 0.11654E+00
 0.11797E+00
 0.11985E+00
 0.12214E+00
 0.12474E+00
 0.12770E+00
 0.13111E+00
 0.13450E+00
 0.13775E+00
 0.14062E+00
 0.14052E+00
 0.13847E+00
 0.13111E+00
 0.11235E+00
 0.77962E-01
 0.48309E-01
 0.31360E-01
 0.23297E-01
 0.17194E-01
 0.14431E-01
 0.13099E-01
 0.12120E-01
 0.11592E-01
 0.11127E-01
 0.10818E-01
 0.10587E-01
 0.10676E-01
 0.10529E-01
 0.10451E-01
 0.10452E-01
 0.10378E-01
 0.10311E-01
 0.10077E-01
 0.10077E-01
 0.10076E-01
 0.10000E-01
 0.10000E-01
 0.10000E-01
 0.10000E-01
 0.10000E-01
 0.10000E-01
 0.10000E-01
 0.10000E-01
 0.10000E-01
 0.10000E-01
 0.10000E-01
 0.10000E-01
 0.10000E-01
 0.59600E-01
 0.60626E-01
 0.61938E-01
 0.63673E-01
 0.65362E-01
 0.67129E-01
 0.68242E-01
 0.69047E-01
 0.69271E-01
 0.69644E-01
 0.70474E-01
 0.71393E-01
 0.72434E-01
 0.73567E-01
 0.74814E-01
 0.76067E-01
 0.77408E-01
 0.78812E-01
 0.80033E-01
 0.81175E-01
 0.82231E-01
 0.83239E-01
 0.84117E-01
 0.84936E-01
 0.85661E-01
 0.86344E-01
 0.86960E-01
 0.87602E-01
 0.88239E-01
 0.88801E-01
 0.89296E-01
 0.89750E-01
 0.90240E-01
 0.90788E-01
 0.91406E-01
 0.92050E-01
 0.92622E-01
 0.93216E-01
 0.93884E-01
 0.94561E-01
 0.95252E-01
 0.95968E-01
 0.96723E-01
 0.97519E-01
 0.98403E-01
 0.99214E-01
 0.10001E+00
 0.10080E+00
 0.10150E+00
 0.10221E+00
 0.10285E+00
 0.10334E+00
 0.10384E+00
 0.10446E+00
 0.10510E+00
 0.10577E+00
 0.10645E+00
 0.10709E+00
 0.10775E+00
 0.10842E+00
 0.10909E+00
 0.10975E+00
 0.11038E+00
 0.11098E+00
 0.11151E+00
 0.11198E+00
 0.11257E+00
 0.11321E+00
 0.11419E+00
 0.11516E+00
 0.11620E+00
 0.11761E+00
 0.11949E+00
 0.12178E+00
 0.12441E+00
 0.12746E+00
 0.13080E+00
 0.13427E+00
 0.13768E+00
 0.14066E+00
 0.14099E+00
 0.13854E+00
 0.13151E+00
 0.11405E+00
 0.79099E-01
 0.49035E-01
 0.31805E-01
 0.23596E-01
 0.17423E-01
 0.14427E-01
 0.13097E-01
 0.12117E-01
 0.11667E-01
 0.11202E-01
 0.10894E-01
 0.10584E-01
 0.10674E-01
 0.10605E-01
 0.10450E-01
 0.10451E-01
 0.10376E-01
 0.10389E-01
 0.10077E-01
 0.10077E-01
 0.10076E-01
 0.10000E-01
 0.10000E-01
 0.10000E-01
 0.10000E-01
 0.10000E-01
 0.10000E-01
 0.10000E-01
 0.10000E-01
 0.10000E-01
 0.10000E-01
 0.10000E-01
 0.10000E-01
 0.10000E-01
 0.59600E-01
 0.60617E-01
 0.61946E-01
 0.63706E-01
 0.65444E-01
 0.67196E-01
 0.68338E-01
 0.69064E-01
 0.69241E-01
 0.69579E-01
 0.70386E-01
 0.71288E-01
 0.72319E-01
 0.73444E-01
 0.74683E-01
 0.75927E-01
 0.77261E-01
 0.78659E-01
 0.79882E-01
 0.81013E-01
 0.82080E-01
 0.83068E-01
 0.83958E-01
 0.84758E-01
 0.85480E-01
 0.86159E-01
 0.86772E-01
 0.87412E-01
 0.88044E-01
 0.88604E-01
 0.89095E-01
 0.89548E-01
 0.90036E-01
 0.90582E-01
 0.91198E-01
 0.91841E-01
 0.92414E-01
 0.93005E-01
 0.93674E-01
 0.94358E-01
 0.95041E-01
 0.95756E-01
 0.96511E-01
 0.97307E-01
 0.98191E-01
 0.99000E-01
 0.99791E-01
 0.10059E+00
 0.10129E+00
 0.10199E+00
 0.10263E+00
 0.10311E+00
 0.10360E+00
 0.10422E+00
 0.10486E+00
 0.10553E+00
 0.10620E+00
 0.10684E+00
 0.10749E+00
 0.10816E+00
 0.10883E+00
 0.10949E+00
 0.11011E+00
 0.11071E+00
 0.11124E+00
 0.11170E+00
 0.11229E+00
 0.11292E+00
 0.11389E+00
 0.11487E+00
 0.11590E+00
 0.11738E+00
 0.11918E+00
 0.12146E+00
 0.12409E+00
 0.12715E+00
 0.13052E+00
 0.13402E+00
 0.13746E+00
 0.14051E+00
 0.14117E+00
 0.13873E+00
 0.13220E+00
 0.11485E+00
 0.80266E-01
 0.49610E-01
 0.31854E-01
 0.23972E-01
 0.17727E-01
 0.14499E-01
 0.13091E-01
 0.12193E-01
 0.11665E-01
 0.11199E-01
 0.10891E-01
 0.10582E-01
 0.10672E-01
 0.10604E-01
 0.10449E-01
 0.10450E-01
 0.10375E-01
 0.10387E-01
 0.10077E-01
 0.10077E-01
 0.10076E-01
 0.10000E-01
 0.10000E-01
 0.10000E-01
 0.10000E-01
 0.10000E-01
 0.10000E-01
 0.10000E-01
 0.10000E-01
 0.10000E-01
 0.10000E-01
 0.10000E-01
 0.10000E-01
 0.10000E-01
