-0.0245858957285198
-0.014435669009292
-0.00825556682097643
-0.00487898369391557
-0.0224235604400797
-0.0208293369541977
-0.0137399794822394
-0.000521170745308061
0.017034745999271
0.0781365848382956
0.084040375138695
0.0835695212768661
0.0866664935912724
0.0663530545418223
0.0837756150321324
0.0550778382545841
0.0281552154726656
0.0131716760365461
0.0167030022239748
0.0166158983689656
0.020713234442133
0.0212988167030305
0.00363750622491938
-0.00594999392266871
-0.00267917354620603
-0.0345108705567038
-0.0472616364981102
-0.0510757210040301
-0.0555005440228076
-0.047779805458691
-0.0346210745272417
-0.0336146406365413
-0.0127900323391732
-0.0178238825550868
-0.0160314569199857
-0.0167056791219359
-0.0299754730850717
-0.0353041371049977
-0.0449924400292637
-0.0282221463691048
-0.0459643676609119
-0.0392494863002974
-0.0278289700334307
-0.00558381811069304
-0.0154797700657127
-0.02132921716813
-0.00931586187944197
0.0226019328633525
0.00748986584054162
0.00906333858424926
-0.0104055037020503
-0.00744388311804575
-0.0467340355324366
-0.065043351267084
-0.0460888660666817
-0.0590547345327465
-0.072069618450812
-0.0567690580536049
-0.0552713802959815
-0.0362676577209023
-0.0423767317283691
-0.0555436854728906
-0.0502448538807108
-0.0499631878706516
-0.0719098933268361
-0.0643273598748837
-0.0866189208601123
-0.0710085495704353
-0.0726355313497906
-0.0708297750371024
-0.0705590642659937
-0.0698643979959802
-0.0774091054651711
-0.0553257393137403
-0.0408115326567897
-0.0615090776736526
-0.0507279352126793
-0.0145087829778069
-0.000458521361725559
-0.00163028439547625
0.0264370454976863
0.0337368600383131
0.0691675759502029
0.0749314334293763
0.0599164187481534
0.0914944659078202
0.0942011710634021
0.0710713960245047
0.0703465118464155
0.0831799399205021
0.0921179590762195
0.101205831876473
0.122815132871134
0.112155139578741
0.0960666079147512
0.0763685793787968
0.0504060949975664
0.0549760859331117
0.041607572904885
0.0554853035025435
0.0719025545035094
0.0333091282661331
-0.00963918873836911
-0.0232016737140128
-0.00926803255384045
-0.00869488237571702
-0.0131308516772086
-0.00957741790185155
-0.00311042486907148
-0.0220232057000558
0.00377470623252023
0.0108619522628863
0.00630016949975003
0.0339181276052252
0.0523788268969736
0.0189568779078973
0.0251539515696942
0.00189707336181611
