0.259806696988256
0.231745494671789
0.160275084468003
0.206916551536891
0.251020299831955
0.129729810071071
-0.0919268853570456
-0.158036127905314
-0.390177283898451
-0.373913156343073
-0.513416763428102
-0.379982591970159
-0.259842824781509
-0.0705980951805965
-0.0174679006878678
-0.0507059640630781
0.317119658384704
0.691382544577728
0.584344148759971
0.42643047144818
0.32017853610664
-0.0124728769119932
-0.13996321128404
-0.112830428709473
-0.154027867075279
-0.025594460573365
-0.231642602294716
-0.209814636176801
0.00307542597334379
-0.263478669416634
-0.523385554188369
-0.758636200426413
-0.592399088381905
-0.594130008787007
-0.768964709550269
-0.983239793942355
-1.0766858890872
-1.28063364667669
-1.08824212009206
-0.992969465584124
-0.684149123155297
-0.434235775345827
-0.216777840764361
-0.345423496498711
-0.35300303999202
-0.45099107053904
-0.426217480919674
-0.141533539790792
0.0424557863557178
0.248231612744201
0.1651680360387
-0.00522069391215815
-0.171336720515974
-0.298500980896233
-0.209448464029769
-0.240677713699652
-0.323090622329992
-0.365313816504423
-0.319931469161553
-0.363918875457751
-0.487313686456179
-0.227899459593861
-0.307370630354581
-0.544567103278391
-0.272519033093004
-0.339773620251558
-0.150283604363424
0.194680040390413
0.296499598638952
-0.0163220881342239
-0.0545265105112323
-0.153609993093252
0.0909324818867705
-0.181159045158822
-0.174814445865501
-0.142744252560454
0.281058290887975
0.136564720508572
0.0858522940061701
0.117424558725671
0.344332587481277
0.175806748950443
-0.0967623243292421
0.527481016922169
0.77300537233494
0.349775726776875
0.315445012833416
0.365011066046621
0.231772660481393
0.171683663909634
0.0884716432880038
0.495589124521154
0.661121110491344
0.608658290576704
0.425498749692775
0.344653048317011
0.670107699901917
0.72468409732582
0.816856781885872
0.812737461927396
0.663640267697525
0.945754366849315
0.967193378114662
0.771456112797467
0.75702884559042
0.806015740125881
0.805050173603132
0.81159507890679
0.932240798714955
0.781387220976182
0.853156847159462
0.888780969416825
0.295401204431389
0.24865568413441
0.389022557750096
0.138570631728842
-0.0138635449817697
-0.00825744625020645