 0.89514E-09
 0.11492E-08
 0.53531E-09
 0.38346E-09
 0.73872E-09
 0.15504E-08
 0.10156E-08
 0.21898E-08
 0.71413E-08
 0.91424E-08
 0.31000E-08
 0.26951E-08
 0.66071E-08
 0.27604E-08
 0.34838E-08
 0.61484E-08
 0.40106E-08
 0.12218E-08
 0.41715E-08
 0.15516E-08
 0.66724E-09
 0.11073E-08
 0.22500E-08
 0.17252E-08
 0.25415E-08
 0.93180E-08
 0.36694E-08
 0.10278E-07
 0.15254E-07
 0.10780E-07
 0.12127E-07
 0.20403E-07
 0.21418E-07
 0.12836E-07
 0.50181E-08
 0.40306E-08
 0.10100E-07
 0.13011E-07
 0.13081E-07
 0.11648E-07
 0.51015E-07
 0.22833E-07
 0.26838E-07
 0.18317E-07
 0.88267E-08
 0.22245E-07
 0.19824E-07
 0.28173E-07
 0.12340E-07
 0.70105E-08
 0.46162E-08
 0.26761E-08
 0.68470E-09
 0.54883E-09
 0.10665E-08
 0.14080E-08
 0.32218E-08
 0.67252E-08
 0.67456E-08
 0.17170E-07
 0.60477E-08
 0.42324E-08
 0.36736E-08
 0.21982E-08
 0.33506E-08
 0.53966E-08
 0.68214E-08
 0.46919E-08
 0.40106E-08
 0.57106E-08
 0.10235E-07
 0.26851E-07
 0.12186E-07
 0.52957E-08
 0.63034E-08
 0.61904E-08
 0.79774E-08
 0.92775E-08
 0.11215E-07
 0.26277E-08
 0.77524E-08
 0.13454E-07
 0.12510E-07
 0.86717E-08
 0.36480E-08
 0.53380E-08
 0.26837E-08
 0.61389E-08
 0.78373E-08
 0.98477E-08
 0.11135E-07
 0.12586E-07
 0.64552E-08
 0.35477E-08
 0.62927E-08
 0.44500E-08
 0.27711E-08
 0.20971E-08
 0.11490E-08
 0.55656E-09
 0.48929E-09
 0.12015E-08
 0.11932E-08
 0.24876E-08
 0.39444E-08
 0.40160E-08
 0.51593E-08
 0.14887E-07
 0.31139E-08
 0.21970E-08
 0.14498E-08
 0.23281E-08
 0.58898E-08
 0.45127E-08
 0.72715E-08
 0.14648E-08
 0.19939E-08
 0.56348E-09
