 0.13231E-07
 0.82098E-08
 0.14082E-07
 0.11643E-07
 0.15364E-07
 0.15818E-07
 0.22528E-07
 0.12488E-07
 0.22861E-07
 0.10497E-07
 0.15938E-07
 0.11659E-07
 0.56370E-08
 0.44491E-08
 0.20468E-08
 0.13010E-08
 0.61970E-09
 0.50086E-09
 0.32578E-09
 0.43010E-09
 0.79897E-09
 0.30473E-09
 0.26233E-09
 0.16673E-08
 0.78421E-09
 0.13043E-08
 0.94365E-09
 0.12772E-08
 0.10528E-08
 0.16961E-08
 0.18857E-08
 0.30077E-08
 0.14440E-08
 0.20287E-08
 0.20541E-08
 0.93374E-09
 0.54820E-09
 0.77542E-09
 0.25814E-08
 0.34461E-08
 0.27320E-08
 0.39373E-08
 0.92065E-08
 0.97269E-08
 0.30329E-07
 0.29881E-07
 0.44735E-07
 0.11088E-06
 0.22266E-07
 0.34274E-07
 0.28110E-07
 0.60979E-07
 0.95648E-07
 0.53690E-07
 0.21274E-07
 0.96917E-08
 0.36657E-08
 0.10784E-08
 0.38688E-09
 0.66134E-09
 0.13329E-08
 0.85172E-09
 0.77278E-09
 0.21887E-09
 0.31746E-09
 0.22827E-09
 0.35250E-09
 0.26066E-09
 0.23409E-09
 0.33791E-09
 0.23046E-09
 0.19401E-09
 0.31735E-09
 0.38225E-09
 0.55244E-09
 0.42137E-09
 0.17035E-08
 0.17916E-08
 0.98451E-09
 0.13534E-08
 0.64731E-08
 0.10193E-07
 0.17312E-07
 0.37173E-07
 0.11747E-06
 0.42054E-07
 0.41319E-07
 0.30722E-07
 0.55702E-07
 0.41518E-07
 0.61360E-07
 0.67337E-07
 0.39104E-06
 0.31945E-06
 0.86902E-07
 0.34948E-07
 0.21730E-06
 0.13207E-06
 0.74689E-07
 0.27422E-07
 0.18355E-07
 0.25778E-07
 0.92205E-08
 0.35739E-08
 0.10263E-07
 0.57075E-08
 0.14088E-08
 0.28318E-08
 0.10241E-07
 0.13294E-07
 0.53304E-08
 0.37827E-08
 0.24516E-08
 0.30078E-08
 0.10036E-08
 0.32997E-09
 0.24069E-09
 0.35452E-09
