 0.67705E-09
 0.66066E-09
 0.57988E-09
 0.37520E-09
 0.29098E-09
 0.77804E-09
 0.40247E-08
 0.61833E-08
 0.67985E-08
 0.11127E-07
 0.15461E-07
 0.46011E-07
 0.76471E-07
 0.11125E-06
 0.96771E-07
 0.81229E-07
 0.48813E-07
 0.44174E-07
 0.42955E-07
 0.10894E-07
 0.16914E-07
 0.19385E-07
 0.20630E-07
 0.17701E-07
 0.23166E-07
 0.44216E-07
 0.59278E-07
 0.33847E-07
 0.24993E-07
 0.17041E-07
 0.32667E-07
 0.45746E-07
 0.23602E-07
 0.23188E-07
 0.20793E-07
 0.15030E-07
 0.98496E-08
 0.20154E-07
 0.18750E-07
 0.14866E-07
 0.39131E-08
 0.27651E-08
 0.59770E-08
 0.62668E-08
 0.56175E-08
 0.20548E-08
 0.55854E-08
 0.69751E-08
 0.74859E-08
 0.12090E-07
 0.96892E-08
 0.11748E-07
 0.55011E-07
 0.32795E-07
 0.13524E-07
 0.14701E-07
 0.85876E-08
 0.17812E-08
 0.29135E-08
 0.28167E-08
 0.21326E-08
 0.96823E-08
 0.16052E-07
 0.35574E-07
 0.96983E-07
 0.11114E-06
 0.61930E-07
 0.23848E-07
 0.17642E-07
 0.19192E-07
 0.79607E-07
 0.43586E-07
 0.34908E-07
 0.17168E-07
 0.16747E-08
 0.22301E-08
 0.23825E-08
 0.38018E-09
 0.24937E-09
 0.28668E-09
 0.30962E-09
 0.24778E-09
 0.38920E-09
 0.44390E-09
 0.18407E-09
 0.32704E-09
 0.36937E-09
 0.42760E-09
 0.33886E-09
 0.33736E-09
 0.24174E-09
 0.46566E-09
 0.23646E-09
 0.17087E-09
 0.29558E-09
 0.19653E-08
 0.11119E-08
 0.18825E-08
 0.11155E-08
 0.70583E-09
 0.78458E-09
 0.17744E-08
 0.23860E-08
 0.10914E-08
 0.95636E-09
 0.92723E-09
 0.13479E-08
 0.94521E-09
 0.42056E-09
 0.64807E-09
 0.13766E-08
 0.14721E-08
 0.11799E-08
 0.11378E-08
 0.11170E-08
 0.20928E-08
 0.21511E-08
 0.23417E-08
